Treatment mean table downloaded from PLEXdb 2010-04-20 16:38:53	CS Well Watered (DAA)						
probeset_id	21	42	49	56	63	84	112
1606368_s_at	12.32	12.22	12.37	12.34	12.4	12.29	12.4
1606427_at	8.14	9.12	9.04	8.9	8.92	8.78	8.86
1606428_at	3.42	3.74	3.46	3.58	3.38	3.93	3.67
1606429_at	3.53	3.47	3.38	3.16	3.29	3.56	3.41
1606430_at	9.06	9.1	8.85	9.02	9.11	9.64	9.71
1606431_at	8.99	8.97	9.05	9.23	8.92	9.01	9.08
1606432_at	8.02	7.89	7.91	7.97	8.03	8.06	8.09
1606433_at	8.1	9.12	9	8.41	8.89	9.02	9.02
1606434_at	8.85	9.19	9.3	9.25	8.88	8.6	8.66
1606435_at	8.95	8.83	8.77	9.01	8.78	8.61	8.61
1606436_s_at	11.81	12.06	11.99	12.07	11.95	11.9	11.84
1606437_at	9.04	9.3	9.38	9.11	9.08	8.82	9.13
1606438_at	8.54	8.08	8.19	8.78	8.5	9.03	9.23
1606439_s_at	10.46	10.38	10.14	10.22	9.97	10.52	10.6
1606440_at	3.15	2.94	2.97	3.13	3.16	3.14	3.08
1606441_at	2.84	2.9	2.91	2.99	3.09	2.89	3.04
1606442_at	10.78	10.73	10.87	10.62	10.75	10.58	10.73
1606443_at	3.31	3.44	3.35	3.45	3.61	3.97	3.92
1606444_at	7.13	6.74	6.63	6.6	5.99	6.43	6.87
1606445_a_at	8.11	8.32	7.8	7.77	7.72	7.43	7.19
1606446_at	3.08	3.13	3.28	3.16	3.29	3.42	3.2
1606447_at	8.31	8.2	8.11	7.95	6.98	6.65	6.83
1606448_at	8.91	8.75	8.95	8.92	9.07	9.04	9.17
1606449_at	6.52	5.82	6.27	5.82	5.48	4.75	5.12
1606450_at	4.57	4.2	4.18	4.02	4.08	3.81	3.77
1606451_at	7.06	7.41	7.33	7.31	6.94	6.91	7.2
1606452_at	5.09	5.32	5.31	5.06	4.96	5.31	5.37
1606453_x_at	3.05	3.08	3.07	3.31	3.31	3.19	3.09
1606454_at	6.57	6.35	6.87	7.31	6.97	7.18	6.99
1606455_at	7.73	6.85	6.48	7.31	6.17	6.37	7.03
1606456_at	7.56	7.78	7.82	7.68	7.46	7.78	7.94
1606457_at	10.44	10.33	10.58	10.84	10.83	10.42	10.61
1606458_at	8.21	8.05	7.87	7.48	7.48	7.18	6.98
1606459_at	3.18	3.3	3.03	3.02	3.2	3.42	3.33
1606460_at	3.27	3.12	3.14	3.23	3.07	3.31	3.27
1606461_at	5.26	5.12	5	4.88	4.93	4.97	5.24
1606462_at	3.52	3.5	3.58	4	3.52	3.63	3.58
1606463_at	2.72	2.98	2.83	2.81	2.73	2.84	2.8
1606464_at	6.78	7.07	6.79	6.62	6.9	7.22	7.15
1606465_at	3.03	3.13	3.12	3.03	3.25	3.43	3.16
1606466_at	5.17	4.81	4.56	5.24	5.86	5.95	4.86
1606467_at	3.17	3.67	3.31	3.44	3.27	3.69	3.47
1606468_at	10.98	10.98	10.98	10.87	10.99	10.57	10.67
1606469_at	8.6	9.03	8.75	8.97	8.93	9.33	9.14
1606470_at	6.31	7.06	7.19	7.31	7.34	7.21	7.18
1606471_at	8.48	7.55	7.24	6.78	5.79	6.26	5.76
1606472_at	6.11	6.48	6.74	6.93	6.77	8.08	7.5
1606473_at	2.86	2.85	2.89	2.94	2.83	2.79	2.9
1606474_s_at	10.72	10.6	10.54	10.49	10.5	10.23	10.4
1606475_at	7.51	6.67	6.6	6.57	6.45	6.13	6.22
1606476_at	4.16	4.04	4.03	4.02	4.42	4.54	4.26
1606477_at	10.02	10.01	10.31	10.21	10.12	10.47	10.77
1606478_at	9.05	9.13	8.93	9.33	8.83	9.02	8.92
1606479_at	8.02	8	7.76	7.82	7.8	7.67	7.65
1606480_at	3.37	3.5	3.5	3.5	3.53	3.68	3.59
1606481_at	8.56	8.38	8.57	8.76	8.73	9.07	9.16
1606482_at	4.14	5.9	6.24	6.58	7.08	6.41	5.9
1606483_at	7.81	7.82	7.8	7.64	7.74	7.5	7.69
1606484_at	2.97	3.09	3.03	2.93	2.98	2.91	3.03
1606485_a_at	8.38	8.75	8.77	8.84	9.12	9.81	10.17
1606486_at	4.01	3.44	3.41	3.98	3.56	3.85	3.97
1606487_at	10.65	9.89	9.69	10.51	10.57	11.06	10.57
1606488_x_at	2.64	2.52	2.74	2.68	2.61	2.64	2.58
1606489_at	9.73	8.47	8.75	9.55	8.82	8.25	7.82
1606490_at	9.57	9.56	9.46	9.4	9.79	9.5	9.54
1606491_at	5.99	5.44	5.44	4.89	5.1	4.73	4.6
1606492_s_at	10.72	10.8	10.81	10.74	10.91	10.89	10.76
1606493_at	7.95	7.37	7.32	7.67	7.77	8.45	8.62
1606494_at	9.27	9.31	9.44	9.8	10.1	10.28	9.9
1606495_at	3.06	2.98	3.16	3.19	3.09	3.19	3.22
1606496_at	3.87	4.17	4.27	4.34	4.54	5.24	4.79
1606497_at	7.99	8.38	8.4	8.39	8.5	8.21	8.42
1606498_s_at	11.53	11.72	11.76	11.77	12.01	11.69	11.72
1606499_at	8.61	8.51	8.66	8.85	8.69	8.98	9.03
1606500_at	3.49	3.82	3.73	3.44	3.53	3.95	3.54
1606501_s_at	4.85	3.94	3.78	4.19	4.22	4.28	3.78
1606502_at	8.36	9.1	9.22	8.69	8.69	8.28	8.7
1606503_at	4.64	4.56	4.58	5.01	5.08	5.83	5.89
1606504_at	8.38	8.63	8.46	8.6	8.82	8.97	9.01
1606505_at	11.82	11.69	11.51	11.58	11.19	11.46	11.34
1606506_a_at	6.51	6.46	6.57	6.86	7.07	7.48	7.66
1606507_at	8.3	7.58	7.71	7.9	7.52	8.37	8.53
1606508_at	8.78	8.81	8.79	8.92	8.93	9.01	9.03
1606509_at	8.3	8.06	7.46	6.99	5.98	5.35	5.26
1606510_at	2.83	2.7	2.73	2.74	2.78	2.49	2.73
1606511_at	3.74	4.01	3.93	3.68	3.86	3.72	3.74
1606512_at	2.45	2.32	2.56	2.53	2.56	2.45	2.46
1606513_s_at	8.67	10.49	10.68	11.04	11.3	11.31	11.31
1606514_at	6.66	9.94	10.13	10.12	11.26	9.8	8.65
1606515_at	7.13	7.38	7.53	6.93	7.15	6.52	6.52
1606516_s_at	8.43	8.6	8.5	8.2	8.32	8.33	8.5
1606517_at	7.66	9.14	9.24	9.46	8.6	8.17	8.48
1606518_at	7.59	5.89	6.85	7.84	7.31	4.48	4.55
1606519_at	9.27	9.14	9.31	9.45	9.43	9.68	9.71
1606520_at	9.47	9.07	9.41	9.56	9.99	9.8	10.04
1606521_at	6.52	6.69	6.88	6.83	7.1	6.99	7.25
1606522_at	9.2	8.61	8.67	9	8.27	8.99	8.82
1606523_at	3.03	3.07	3.06	2.94	3.13	3.11	3.03
1606524_at	9	8.71	8.78	8.17	7.21	6.23	6.33
1606525_at	8.92	9.36	9.4	9.32	9.25	9.16	9.28
1606526_at	4.28	4.24	4.2	3.8	4.16	3.63	3.59
1606527_s_at	3.85	3.29	3.38	3.19	3.02	3.08	3.07
1606528_at	9.58	9.3	9.4	9.56	9.6	9.88	10.07
1606529_s_at	5.97	6.75	6.76	6.7	7.39	7.66	7.64
1606530_s_at	8.67	8.11	7.79	7.71	7.06	7.12	7.02
1606531_at	10.65	9.75	9.06	9.2	7.41	6.02	5.89
1606532_s_at	10.83	10.64	10.66	10.44	10.16	9.97	9.97
1606533_at	2.8	2.8	2.66	2.8	2.8	2.86	2.71
1606534_at	8.43	8.05	7.88	7.99	7.24	7.44	7.61
1606535_at	2.79	2.86	2.92	2.81	2.87	2.85	2.9
1606536_at	7.56	7.37	6.74	6.41	6.52	5.92	5.97
1606537_at	3.45	3.3	3.25	3.24	3.35	3.32	3.26
1606538_at	2.97	2.98	2.87	2.84	2.89	2.88	2.79
1606539_at	3.16	3.23	3.11	3.03	3.05	3.26	3.08
1606540_s_at	2.91	3.18	3.02	2.89	2.87	2.98	2.74
1606541_at	6.87	7.08	7.08	6.75	6.58	6.25	6.33
1606542_at	9.34	9.28	9.32	9.23	9.29	9.25	9.31
1606543_at	8.71	8.76	8.65	8.72	8.77	9.02	9.08
1606544_at	8.45	8.36	8.44	8.25	8.67	8.66	8.91
1606545_at	10.24	10.13	10.36	10.17	10.26	10.21	10.22
1606546_at	4.16	4.09	4.12	3.98	3.86	3.83	3.75
1606547_at	3.22	3.22	3.3	3.2	3.43	3.36	3.38
1606548_at	9.31	9.52	9.65	9.41	9.56	9.35	9.67
1606549_at	8.35	8.22	8.18	8.29	8.23	8.76	8.97
1606550_at	2.83	3.19	3.13	2.88	3.36	3.26	3.24
1606551_at	7.5	6.97	6.87	7.32	6.97	7.22	6.97
1606552_at	8.78	10.63	10.88	10.19	8.64	6.39	6.76
1606553_at	3.73	3.73	3.65	3.75	3.91	4.12	3.85
1606554_at	8.91	8.11	7.86	8.22	7.13	7.58	7.28
1606555_at	8.61	8.7	8.71	8.68	8.73	8.77	8.6
1606556_at	6.61	6.14	5.72	5.73	5.44	5.86	6.02
1606557_at	4.7	4.77	4.65	4.52	4.19	4.32	4.34
1606558_at	9.03	8.43	8.21	8.47	8.41	8.75	8.75
1606559_at	3.01	2.89	2.96	2.86	2.93	2.93	2.94
1606560_at	6.18	6.13	6.39	6.12	6.01	5.18	5.22
1606561_at	7.96	5.8	5.84	5.56	5.33	5.75	5.95
1606562_at	6.54	6.58	6.68	6.59	6.86	7.91	8.11
1606563_at	3.58	3.61	3.33	3.34	3.32	3.49	3.41
1606564_at	7.84	8.41	8.44	8.1	8.03	7.98	8.17
1606565_at	3.62	3.42	3.39	3.42	3.41	3.82	3.67
1606566_at	6.67	4.91	4.19	4.1	3.32	3.06	3.07
1606567_at	3.45	3.4	3.44	3.34	3.37	3.47	3.37
1606568_at	7.35	7.28	7.06	7.19	6.52	7.42	8.01
1606569_at	2.92	2.88	2.86	2.78	2.98	2.94	2.97
1606570_at	7.77	7.75	7.91	7.95	8.09	7.88	8.09
1606571_at	5.13	5	4.57	4.84	4.63	5.36	4.19
1606572_at	7.17	5.05	5.54	5	4.96	5.79	6.34
1606573_s_at	10.76	11.65	12	11.91	12.26	12.41	12.57
1606574_at	4.27	4.24	4.32	4.13	4.41	4.21	4.38
1606575_at	7.62	7.66	7.72	7.32	6.92	6.77	6.39
1606576_at	5.44	5.63	5.91	5.56	5.66	5.25	5.82
1606577_at	8.98	9.96	10.3	10.77	10.56	10.65	10.62
1606578_at	8.18	8.7	8.61	8.74	9.69	10.42	10.04
1606579_at	3.48	3.48	3.5	3.41	3.58	3.52	3.76
1606580_at	4.05	4	4.02	3.76	4.04	4.19	3.98
1606581_at	3.92	4.02	3.93	4.27	4.03	4.56	4.52
1606582_at	2.81	2.95	2.75	2.67	2.76	2.97	2.92
1606583_at	7.93	7.98	8.06	8.31	8.37	8.88	9.06
1606584_at	2.77	2.78	2.72	2.82	2.78	2.67	2.68
1606585_at	10.14	8.7	8.39	8.3	7.37	7.32	7.28
1606586_at	3.82	3.79	3.56	3.61	3.37	3.86	3.64
1606587_at	3.91	3.99	3.86	4	4.29	3.91	3.68
1606588_s_at	5.87	7.17	7.81	8.16	7.67	7.04	6.9
1606589_at	9.3	10.28	9.83	9.67	8.99	9.45	9.6
1606590_at	7.67	7.4	7.03	7	6.73	6.53	6.3
1606591_at	6.41	5.81	5.46	5.22	4.59	5.25	5.29
1606592_at	8.24	8.37	8.31	8.43	8.47	8.42	8.56
1606593_at	5.3	5.7	4.8	4.92	4.45	4.81	4.37
1606594_at	5.91	6	5.38	5.62	5.36	5.49	5.55
1606595_at	10.34	10.98	10.81	10.46	9.87	8.95	9.19
1606596_at	2.7	2.65	2.86	2.72	2.71	2.74	2.66
1606597_at	8.1	7.82	7.62	7.62	6.92	6.91	6.87
1606598_at	2.98	2.97	2.98	2.97	3.2	3.34	3.49
1606599_at	3.71	3.86	3.83	3.68	3.94	4.23	3.96
1606600_at	2.81	2.93	2.78	2.87	2.82	2.87	2.73
1606601_at	3.53	3.49	3.23	3.32	3.29	3.47	3.37
1606602_at	6.08	6.61	6.49	6.6	7	7.59	7.59
1606603_at	6.17	5.69	5.86	5.85	5.7	6.02	6.13
1606604_at	5.61	5.81	5.83	5.42	5.65	5.81	6.11
1606605_s_at	6.18	6.56	6.67	6.7	6.6	6.23	6.68
1606606_at	9.01	8.9	9.67	9.55	10.46	10.38	10.46
1606607_at	5.42	6.23	6.64	7.05	6.55	6.37	6.97
1606608_at	7.69	7.96	8.21	8.25	8.57	9.59	9.7
1606609_at	5.55	5.57	5.67	5.33	5.65	5.25	5.3
1606610_at	7.88	7.69	7.59	7.52	7.26	7.66	7.72
1606611_at	9.9	9.83	9.83	9.49	8.86	8.26	8.15
1606612_at	7.48	6.28	6.07	6.44	5.83	6.46	6.24
1606613_s_at	4.68	5	4.74	4.97	5.03	5.57	5.26
1606614_at	8.69	8.59	8.64	8.61	8.55	8.02	8.41
1606615_at	4.85	5.12	4.77	4.75	4.92	5.05	4.95
1606616_at	3.21	3.22	3.11	3.28	3.31	3.55	3.36
1606617_at	6.69	7.06	6.91	6.43	6.35	5.76	5.95
1606618_at	2.72	2.5	2.59	2.6	2.73	2.53	2.64
1606619_at	3.63	3.45	3.57	3.34	3.4	3.36	3.47
1606620_at	4.74	4.67	4.55	4.54	4.69	4.39	4.62
1606621_at	7.38	7.44	7.45	7.4	7.62	7.29	7.48
1606622_at	3.24	3.29	3.55	3.75	3.68	4.31	4.35
1606623_at	9.32	9.12	9.17	9.18	9.06	8.13	8.23
1606624_at	6.34	5.84	5.47	5.67	5.76	5.59	5.01
1606625_at	6.8	8.13	8.24	8.06	8.42	7.16	7.43
1606626_at	3.31	3.42	3.27	3.33	3.44	3.52	3.51
1606627_at	7.34	7.77	7.63	7.41	8.18	7.65	7.59
1606628_at	9	7.92	7.63	7.78	7.24	6.99	6.85
1606629_at	3.71	3.91	3.82	3.65	3.75	3.93	3.68
1606630_at	4.43	4.72	4.61	4.55	4.68	4.43	4.3
1606631_at	4.02	4.38	4.34	4.16	4.19	4.44	4.31
1606632_at	8.7	9.04	9	8.87	9.03	8.92	9.16
1606633_at	2.95	2.93	2.91	3.02	3.04	2.95	2.99
1606634_at	4.41	5.62	6.11	4.86	4.67	5.47	5.91
1606635_at	4.79	4.59	4.67	4.61	4.63	4.47	4.83
1606636_at	3.17	3.13	3.11	3.1	3.14	3.14	3.05
1606637_at	3.48	3.45	3.6	3.37	3.59	3.57	3.59
1606638_at	6.72	6.92	6.84	7.2	6.76	8.14	7.75
1606639_at	8.38	9.29	9.12	8.93	8.48	7.95	8.1
1606640_at	5.69	5.82	6.14	5.92	6.61	6.18	6.28
1606641_at	3.3	3.29	3.29	3.04	3.12	3.32	3.18
1606642_at	9.23	9.55	9.34	9.58	10.05	10.67	10.51
1606643_at	4.37	4.23	4.19	4.35	3.89	3.76	3.87
1606644_at	2.92	3.44	3.48	3.35	3.24	2.99	2.91
1606645_at	3.59	3.79	3.61	3.74	3.93	4.17	4.14
1606646_at	11.13	10.27	9.92	10.02	9.04	9.11	9.36
1606647_at	8.54	8.59	8.59	8.54	8.38	8.89	8.96
1606648_at	9.36	9.01	8.87	9.01	8.58	8.18	8.21
1606649_x_at	7.41	7.59	7.89	7.9	8.66	8.18	8.49
1606650_at	3.06	3.11	3.04	2.98	3.17	3.19	3.24
1606651_at	3.64	3.47	3.24	3.19	3.59	3.45	3.34
1606652_at	8.64	6.96	7.04	7.04	7.23	6.91	7.11
1606653_at	3.29	3.37	3.32	3.19	3.46	3.29	3.4
1606654_at	3.44	3.36	3.55	3.28	3.61	3.7	3.51
1606655_at	5.74	5.4	5.65	5.68	5.48	5.54	5.87
1606656_at	10.33	9.51	9.72	9.51	7.34	6.47	6.46
1606657_s_at	9.28	10.12	9.99	10.54	10.2	10.66	10.07
1606658_at	7.6	7.64	7.54	7.36	7.38	7.48	7.77
1606659_s_at	7.16	7.35	7.06	7.19	6.95	7.48	7.09
1606660_at	5.94	5.1	6.27	6.45	7.61	7.93	8.14
1606661_at	6.49	6.46	6.21	6.6	6.14	6.47	6.46
1606662_at	8.79	8.54	7.96	8.07	7.76	7.65	7.13
1606663_at	11.36	11.69	11.7	11.62	11.66	11.33	11.62
1606664_at	9.68	9.88	9.7	9.79	9.68	9.68	9.74
1606665_s_at	7.64	7.71	8.06	8.15	8.67	8.53	8.4
1606666_at	3.34	3.2	3.35	3.24	3.23	3.22	3.36
1606667_at	6.08	6.7	6.56	6.38	6.49	7.45	7.32
1606668_at	4	3.78	3.76	3.52	3.69	3.86	3.74
1606669_s_at	11.93	11.17	11.13	12.17	12.18	11.43	10.81
1606670_at	8.23	8.33	8.3	8.6	8.79	8.73	8.78
1606671_at	9.92	9.71	9.86	10.07	10.15	10.92	10.83
1606672_at	5.8	6.02	5.59	5.47	5.64	5.78	5.61
1606673_at	7.43	8.08	7.94	7.61	7.94	7.42	7.27
1606674_at	4.21	4.44	4.23	4.01	4.08	4.54	4.11
1606675_at	9.75	9.8	10.76	11.01	11.32	10.93	10.91
1606676_at	7.53	6.66	6.76	6.57	6.18	6.31	6.72
1606677_at	3.77	3.76	3.85	3.73	3.89	3.96	3.9
1606678_at	6.31	5.93	5.66	5.69	5.84	6.38	6.13
1606679_at	7	8.78	8.36	7.72	8.77	8.91	8.32
1606680_at	6.96	7.18	7.31	7.17	7.51	7.55	7.79
1606681_s_at	7.69	7.52	8.2	8.43	8.37	8.73	8.72
1606682_at	8.26	7.28	7.45	7.79	7.06	7.26	7.34
1606683_at	7.47	6.79	6.11	5.59	4.54	5.34	5.7
1606684_s_at	10.04	10.03	10.06	9.94	9.72	9.45	9.66
1606685_at	6.05	6.32	6.29	6.48	6.69	7.41	7.19
1606686_at	8.15	9.1	9.08	8.89	8.78	8.25	8.27
1606687_at	3.17	3	3.18	2.96	3.04	3.19	3.12
1606688_at	5.87	5.82	5.97	5.79	6.24	5.92	5.96
1606689_at	2.91	2.86	2.91	2.84	2.98	2.88	2.98
1606690_at	3.4	3.38	3.5	3.69	4.4	5.77	5.88
1606691_at	3.12	3.02	3.22	2.97	3.1	2.97	3.01
1606692_at	11.33	11.37	11.34	11.21	11	10.74	10.74
1606693_at	8.18	8.04	8.46	8.3	8.7	8.33	8.65
1606694_at	9.32	8.98	9.02	8.95	8.39	7.99	8.13
1606695_at	8.17	8.16	8.01	8.15	8.01	8.23	8.24
1606696_s_at	7.31	7.34	7.51	7.48	7.57	7.42	7.76
1606697_at	11.57	10.86	10.84	11.04	10.79	10.45	10.59
1606698_at	7.76	8.63	8.52	8.2	8.32	8.01	8.14
1606699_at	2.8	3	2.9	3.02	2.83	3.1	2.94
1606700_x_at	2.66	2.81	2.72	2.73	2.78	2.74	2.71
1606701_s_at	11.28	10.33	9.99	10.11	9.44	9.34	9.52
1606702_at	2.76	2.88	2.73	2.77	2.88	2.71	2.86
1606703_at	7.76	7.59	7.62	8.18	7.87	8.8	9.05
1606704_s_at	6.28	5.68	5.87	5.82	5.57	6.74	5.56
1606705_at	9.3	9.77	9.52	9.5	10.32	10.47	10.1
1606706_at	3	2.81	2.85	2.81	3.12	2.83	2.84
1606707_at	7.3	6.94	7.22	7.29	6.9	7.11	7.49
1606708_at	8.14	8.06	8.14	8.23	8.34	8.17	8.06
1606709_at	4.93	5.08	5.14	4.9	5.18	5.31	5.28
1606710_s_at	2.97	3.03	3.02	3.42	3.23	3.29	3.28
1606711_at	3.07	3.02	3.07	3.14	3.22	3.26	3.35
1606712_at	5.39	5.69	5.67	5.7	5.39	5.73	5.67
1606713_at	7.55	7.48	7.47	7.02	7.11	6.68	6.59
1606714_at	7.91	7.79	8.05	8.27	7.94	8.51	8.62
1606715_at	8.39	9.03	8.97	8.83	8.69	8.97	9.09
1606716_at	7.51	7.29	7.13	7.14	7.06	6.76	6.88
1606717_at	10.32	10.31	10.34	10.09	10.19	9.91	10.04
1606718_at	9.05	9.4	9.41	9.17	9.64	9.64	9.71
1606719_at	2.93	2.92	2.94	2.93	2.77	2.68	2.92
1606720_at	10.12	9.55	9.19	9.02	8.73	8.49	8.47
1606721_at	3.04	3	2.95	2.97	3.01	3.25	3.11
1606722_at	11.29	11.85	11.91	12.03	12.22	12.46	12.57
1606723_at	8.23	8.32	8.29	8.07	8.01	8.35	8.48
1606724_at	8.34	8.2	7.54	7.19	5.84	6.11	6.39
1606725_at	2.77	2.8	2.66	2.79	2.78	2.81	2.78
1606726_s_at	10.54	11.84	11.96	11.77	11.94	11.21	10.84
1606727_at	6.68	7.9	7.75	7.9	7.7	7.53	7.71
1606728_at	8.58	8.07	8.34	8.39	8.17	7.98	8.33
1606729_at	2.63	2.61	2.66	2.67	2.69	2.77	2.59
1606730_at	6.93	7.35	7.34	7.15	7.28	6.69	6.9
1606731_a_at	3.03	3.14	3.14	3.25	3.65	3.71	3.85
1606732_at	3.14	3.14	3.24	3.08	3.12	3.28	3.1
1606733_at	2.91	2.91	2.83	2.89	2.95	2.9	2.99
1606734_at	9.36	9.36	9.36	9.48	9.58	9.61	9.64
1606735_at	7.86	7.91	7.96	8.19	8.09	8.12	8.43
1606736_at	8.97	8.81	9.02	9.02	9.17	9.14	9.35
1606737_at	5.55	5.53	5.52	5.58	5.75	5.96	5.76
1606738_at	8.78	9.36	9.53	9.56	9.31	9.17	9.37
1606739_at	6.09	7	6.9	6.72	6.78	6.4	6.66
1606740_at	3.39	3.39	3.7	4.1	3.83	4.22	3.95
1606741_at	6.14	7.34	6.56	5.57	6.46	5.05	4.87
1606742_at	10.85	10.85	10.95	10.83	10.59	10.18	10.28
1606743_at	7.16	7.39	7.4	7.61	7.84	8.35	8.49
1606744_at	3.91	3.78	3.73	3.77	3.91	3.92	3.83
1606745_at	5.93	5.88	5.86	6.35	6.33	6.66	7.08
1606746_a_at	5.04	9.21	8.2	7.03	10.24	8.53	7.73
1606747_at	8.96	8.98	9.02	8.47	8.78	8.06	8.07
1606748_at	3.3	3.33	3.23	3.16	3.26	3.49	3.13
1606749_s_at	3.86	3.88	3.99	4.06	3.73	3.49	4.02
1606750_at	3.65	3.79	3.61	3.76	3.89	3.98	3.89
1606751_at	6.26	5.73	5.62	5.8	5.48	5.52	5.83
1606752_at	3.46	3.45	3.49	3.53	3.53	3.68	3.66
1606753_at	7.74	8.35	8.18	7.98	7.99	7.56	7.83
1606754_at	9.57	9.09	8.16	7.63	7.19	6.22	6.45
1606755_at	3.29	3.14	3.34	3.26	3.15	3.1	2.94
1606756_at	9.03	7.51	7.61	8.2	7.86	8.72	8.46
1606757_at	8.56	9.18	9.31	9.35	9.39	9.68	9.43
1606758_at	6.12	6.47	7.02	7.46	8.22	8.34	8.51
1606759_at	3.17	3.04	3.11	2.94	3.02	3.03	2.95
1606760_at	3.38	3.78	3.54	3.43	3.53	3.86	3.52
1606761_s_at	9.72	8.72	8.82	8.31	8.75	8.35	8.47
1606762_at	9.53	7.92	8.16	8.94	10.14	9.94	10.22
1606763_at	7.92	8.11	8.21	8.09	7.65	7.86	7.37
1606764_at	9.28	8.45	8.18	8.57	8.24	8.45	8.28
1606765_at	8.4	8.1	7.77	8.06	7.67	7.77	7.6
1606766_a_at	7.97	8.1	8.03	8.23	8.15	8.73	8.56
1606767_at	4.98	6.34	6.39	6.47	6.97	7.36	6.69
1606768_at	8.55	8.89	9.43	9.85	10.05	10.22	10.08
1606769_at	3.89	3.99	4.06	3.9	3.85	3.92	4.14
1606770_s_at	8.13	7.33	6.97	6.59	4.47	3.36	4.11
1606771_at	9.44	9.15	9.07	8.87	8.66	8.58	8.49
1606772_at	7.16	7.66	7.7	7.39	7.8	8.03	8.11
1606773_at	7.55	7.76	7.63	7.63	7.78	7.95	7.83
1606774_at	6.71	7.28	7.18	7.37	7.9	8.02	8.35
1606775_at	3.31	3.32	3.26	3.28	3.47	3.36	3.23
1606776_at	3.07	3.22	3.49	3.25	3.67	3.48	3.55
1606777_s_at	7.38	7.54	7.4	7.35	6.92	7.3	7.67
1606778_at	8.34	7.7	7.81	8.04	8.24	8.73	8.18
1606779_at	2.94	3.31	3.18	3.23	3.35	3.67	3.22
1606780_at	10.11	8.84	8.4	8.36	7.86	7.66	7.52
1606781_at	7.68	7.65	7.88	7.77	8.16	7.05	7.19
1606782_x_at	5.35	4.71	5.14	5.16	5.03	4.64	5.12
1606783_at	8.76	7.64	7.8	8.25	7.63	8.46	8.68
1606784_at	8.32	8.87	8.73	8.76	9.56	9.18	9.15
1606785_at	2.77	2.63	2.68	2.65	2.89	2.81	2.79
1606786_at	3.94	4.12	3.97	3.94	4.16	3.8	4
1606787_at	5.57	5.02	5.42	5.52	5.16	5.58	5.52
1606788_s_at	7.54	8.22	9.22	9.35	9.97	8.58	8.47
1606789_at	10.97	10.75	10.76	11.05	11.1	11.22	11.17
1606790_at	9.48	9.29	9.22	9.18	9.43	9.27	9.23
1606791_at	5.22	4.82	4.65	5.85	5.45	5.92	4.93
1606792_at	4.04	4.24	3.9	3.95	4.08	4.21	4.05
1606793_at	9.22	9.59	9.19	9.3	8.9	8.6	8.3
1606794_at	8.69	7.89	7.35	6.82	7.64	7.1	7.32
1606795_at	10.5	10.27	10.56	10.74	10.2	10.46	10.55
1606796_at	2.86	3.07	3.01	2.92	2.99	3.05	3.08
1606797_at	8.47	8.68	8.92	8.71	8.82	8.87	8.96
1606798_at	5.9	5.22	5.24	5.32	4.68	4.99	5.37
1606799_s_at	11.79	11.53	11.56	11.65	11.54	11.54	11.49
1606800_at	7.71	7.88	7.9	7.87	7.53	7.86	8.08
1606801_at	7.77	6.89	7.14	6.87	6.66	6.7	6.73
1606802_at	7.4	7.08	6.92	7.59	7.7	8.65	7.74
1606803_at	8.88	8.54	8.33	8.42	8.16	7.95	8.23
1606804_at	4.71	4.73	4.79	4.51	4.43	4.17	4.18
1606805_at	3.08	3.22	3.08	3.11	3.2	3.27	3.23
1606806_s_at	3.6	3.43	3.5	3.47	3.42	3.52	3.46
1606807_at	9.46	9.37	9.42	9.53	9.21	9.18	9.17
1606808_at	3.62	3.59	3.55	3.67	3.73	3.97	3.88
1606809_at	8.27	8.04	7.97	7.94	8.16	8.2	8.09
1606810_at	5.46	4.53	4.63	4.88	4.74	5.28	4.42
1606811_at	10.29	10.38	10.5	10.63	10.43	10.6	10.72
1606812_at	3.95	3.73	3.78	4.33	3.76	4.41	4.04
1606813_s_at	10.59	10.28	10.44	10.48	10.5	10.42	10.46
1606814_at	4.45	4.45	4.27	4.36	4.41	4.79	4.42
1606815_at	2.7	2.78	2.86	2.89	2.83	3.05	2.9
1606816_at	4.05	3.42	3.51	3.85	3.43	4.21	4.82
1606817_at	3.87	3.75	3.74	3.67	3.9	4.11	3.81
1606818_at	3.26	3.39	3.37	3.29	3.67	3.51	3.31
1606819_s_at	8.66	8.77	8.92	8.87	9.05	8.81	9.01
1606820_at	2.79	2.88	2.95	2.99	2.88	3.08	2.88
1606821_at	2.65	2.58	2.6	2.62	2.54	2.63	2.65
1606822_at	8.37	7.74	7.12	6.95	5.91	6.37	6.55
1606823_at	3.8	3.65	3.59	3.7	3.8	3.68	3.66
1606824_at	4.24	3.8	3.77	4.05	3.96	3.74	3.72
1606825_s_at	4.83	6.05	5.7	5.66	7.41	5.02	6.83
1606826_at	9.53	9.42	9.65	10.04	10.32	10.61	10.4
1606827_at	8.95	8.97	8.93	8.83	8.99	8.92	8.78
1606828_at	2.69	2.69	2.71	2.52	2.76	2.59	2.68
1606829_at	3.49	3.59	3.37	3.44	3.51	3.66	3.67
1606830_at	5.9	5.23	5.47	5.4	5.88	6.13	5.88
1606831_at	11.4	11.47	11.63	11.6	11.89	11.82	11.95
1606832_at	10.2	9.15	8.82	9.11	8.89	9.04	8.91
1606833_at	6.14	5.98	5.67	5.9	6.18	7.07	6.56
1606834_s_at	7.37	8.18	8.79	8.22	8.12	7.31	7.29
1606835_at	8.7	8.5	8.52	8.81	8.56	8.84	8.62
1606836_at	9.75	9.76	9.8	10.19	9.91	10.15	10.26
1606837_at	2.83	2.89	2.91	2.84	2.95	2.88	2.92
1606838_at	7.03	7.39	7.44	7.08	7.31	7.27	7.2
1606839_at	7.63	6.92	7.02	7.24	6.77	6.46	6.76
1606840_at	4.27	4.45	4.5	4.4	5.01	4.29	4.57
1606841_s_at	9.74	9.34	9.48	9.32	9.15	8.88	8.91
1606842_s_at	7.32	6.92	7.72	8.58	9.45	10.06	10.02
1606843_at	7.87	8.53	8.4	8.57	8.55	9.24	9.3
1606844_at	5.21	4.96	4.75	4.49	4.27	4.6	4.44
1606845_at	4.5	4.33	4.49	4.06	5.06	6.49	5.96
1606846_at	8.68	8.92	7.92	8.23	7.87	8.02	8
1606847_at	6.65	5.87	6.37	7.09	8.11	9.46	9.66
1606848_at	8.66	8.82	8.67	8.63	8.51	8.53	8.79
1606849_at	6.62	5.57	4.61	4.27	3.77	4.5	4.43
1606850_x_at	3.68	4.16	3.87	4.11	4.07	4.04	3.92
1606851_a_at	7.36	6.58	6.6	7.39	7.32	7.96	7.51
1606852_at	3.54	3.58	3.52	3.23	3.59	4.05	3.93
1606853_at	8.73	9.09	9.01	8.82	9.09	9.28	9.37
1606854_at	3.21	3.07	3.21	3.2	3.16	3.07	3.14
1606855_at	6.36	5.82	5.84	5.56	5.12	5.04	5.27
1606856_at	9.94	9.92	9.96	10.03	10.04	10.14	10.11
1606857_at	3.36	3.27	3.11	3.38	3.35	3.35	3.38
1606858_at	3.32	3.51	3.35	3.13	3.22	3.35	3.34
1606859_at	5.41	5.68	5.7	6	5.74	5.11	4.62
1606860_at	3.53	3.69	3.67	3.58	3.5	3.85	3.9
1606861_at	3.1	3.08	3.2	3.08	3.32	3.36	3.28
1606862_at	4.34	4.33	4.04	4.2	4.57	4.37	4.3
1606863_at	3.83	3.93	4.16	4.09	3.98	4.03	3.94
1606864_at	5.65	5.94	5.51	6	5.63	6.43	6.59
1606865_at	7.83	7.53	7.38	7.5	6.82	7.41	7.43
1606866_at	5.68	5.4	5.15	5.29	4.64	4.85	5
1606867_s_at	7.98	7.93	8.07	8.08	8.41	7.9	8.14
1606868_at	10.87	9.29	9.23	9.88	8.6	8.59	8.57
1606869_at	2.54	2.61	2.59	2.61	2.63	2.6	2.64
1606870_at	2.81	3.05	2.85	2.88	3.11	3.04	2.98
1606871_at	8.67	7.82	7.95	8.04	7.92	7.58	7.47
1606872_at	5.47	5.71	5.67	5.64	5.57	5.58	5.83
1606873_at	2.98	2.91	2.93	2.84	3.05	3.04	2.98
1606874_at	5.03	5.03	4.92	5.17	4.71	4.83	5.03
1606875_at	8.21	9.11	9.06	8.69	9.51	9.35	9.3
1606876_at	7.8	7.7	7.97	7.99	8.66	8.35	8.26
1606877_at	4.52	4.76	4.76	4.96	4.45	4.78	5.29
1606878_at	9.05	9.23	9.15	8.91	8.75	9.02	9.21
1606879_at	12.28	12.78	12.77	12.65	13.11	12.95	12.76
1606880_at	3.99	3.37	3.35	3.46	3.38	3.36	3.25
1606881_at	8.24	8.62	8.52	8.51	8.4	9.43	9.43
1606882_at	7.82	7.61	7.66	7.72	7.7	7.66	7.89
1606883_at	5.55	5.31	4.78	5.34	5.78	7.4	7.49
1606884_at	2.65	2.79	2.78	2.84	2.87	2.9	2.93
1606885_at	5.27	5.67	5.21	5.7	5.75	5.93	5.61
1606886_at	8.08	8.61	8.46	8.61	8.58	9.29	9.33
1606887_at	3.05	3.16	3.11	3.05	3.16	3.12	3.16
1606888_at	3.37	3.54	3.39	3.3	3.24	3.51	3.43
1606889_at	3.76	3.69	3.59	3.72	3.47	3.66	3.45
1606890_at	3.88	3.7	3.76	3.86	3.57	3.75	4.15
1606891_at	7.39	8.43	8.05	8.18	8.96	8.83	8.71
1606892_at	4.02	4.09	4.15	3.99	4.35	4.21	4.23
1606893_at	4.12	5.4	5.55	5.6	5.78	6.05	6.16
1606894_at	4.22	3.64	3.93	3.96	4.17	4.49	4.52
1606895_at	5.42	6.98	8.07	8.23	8.32	8.53	8.54
1606896_at	9.77	9.52	9.82	9.65	9.71	9.31	9.51
1606897_x_at	5.14	7.05	7.16	8.41	8.73	7.14	9.14
1606898_at	6.26	6.02	5.78	5.49	5.01	4.54	4.7
1606899_at	3.39	3.57	3.47	3.52	3.66	3.62	3.53
1606900_at	8.08	8.08	7.97	7.52	7.74	7.3	7.32
1606901_at	6.02	7.14	7.04	7.13	7.19	7.14	7.11
1606902_a_at	9.63	9.35	9.65	9.82	9.66	9.86	9.97
1606903_s_at	10.7	10.67	10.9	11.15	10.9	10.99	10.88
1606904_at	9.48	9.89	9.36	9.59	9.53	9.05	9.23
1606905_x_at	2.92	2.73	2.86	2.92	2.75	2.79	2.75
1606906_at	8.66	8.38	8.51	8.78	8.71	8.82	8.89
1606907_at	8.08	7.9	8.01	8.09	8.1	7.97	8.15
1606908_at	3.34	3.29	3.52	3.45	3.36	3.56	3.27
1606909_at	3.51	2.91	2.8	3	2.97	2.92	2.72
1606910_at	7.07	7.26	7.02	7.37	7.44	7.91	7.83
1606911_at	3.94	4.17	3.97	3.92	4.12	3.73	3.87
1606912_at	9	9.46	9.34	9.29	9.28	9.27	9.31
1606913_at	8.13	8.36	8.27	7.99	7.9	7.29	7.46
1606914_at	5.31	5.59	6.45	6.84	7.16	6.95	7.15
1606915_at	9.23	9.7	9.72	9.53	9.78	9.46	9.59
1606916_at	5.31	5.24	5.42	5.37	5.67	5.67	5.75
1606917_at	3.44	3.62	3.28	3.37	3.36	3.66	3.46
1606918_at	5.05	4.7	4.64	6.01	6.06	6.37	5.11
1606919_at	3.33	3.39	3.24	3.27	3.28	3.51	3.16
1606920_at	2.8	2.78	2.87	2.79	2.72	2.77	2.87
1606921_at	3.85	3.9	4.02	3.85	4.12	4.07	4.14
1606922_at	8.25	8.14	8.34	8.35	8.46	8.74	8.75
1606923_s_at	9.69	9.65	9.64	9.63	9.16	8.94	8.96
1606924_a_at	11.67	11.66	11.39	11.15	10.86	10.79	10.83
1606925_at	3.15	3.25	3	3.12	3.03	3.12	3.26
1606926_at	8.55	8.74	8.67	8.49	8.63	8.81	8.73
1606927_at	6.18	6.55	6.7	6.46	6.9	6.14	6.8
1606928_at	9.82	9.5	9.06	9.12	8.46	8.39	8.32
1606929_at	5.3	5.24	4.93	5.23	5.07	5.46	5.17
1606930_at	9	10.96	10.42	9.76	8.9	7.78	7.93
1606931_at	4.32	4.71	5.32	5.92	6.9	7.04	6.07
1606932_at	6.98	7.66	7.66	7.39	7.26	6.69	7.01
1606933_a_at	8.78	9.21	9.23	9.07	9.39	9.46	9.74
1606934_at	7.16	6.99	7.05	7.02	6.04	5.97	6.02
1606935_at	10.69	10.46	10.43	10.2	9.81	9.08	9.09
1606936_at	3.08	3.27	3.17	3.08	3.35	3.23	3.3
1606937_at	3.14	3.22	3.11	2.98	3.27	3.25	3.35
1606938_at	8.74	8.5	8.73	8.72	8.77	8.62	8.97
1606939_at	2.86	2.88	2.82	2.82	2.78	2.96	2.87
1606940_at	3.19	3.02	2.99	2.95	3.17	3	3.15
1606941_at	8.97	8.64	8.6	8.62	8.03	8.41	8.74
1606942_at	3.31	3.46	3.58	3.4	3.33	3.19	3.33
1606943_at	5.95	7.08	6.96	6.84	7.13	7.09	6.92
1606944_at	9.42	9.75	9.7	9.67	9.84	9.76	9.81
1606945_at	6.62	6.21	6.23	5.99	6.18	6.06	6.13
1606946_at	3.36	3.57	3.29	3.28	3.3	3.47	3.3
1606947_at	8.04	8.49	8.39	8.19	8.47	8.4	8.59
1606948_at	11.08	9.38	9.36	9.39	9.1	9.67	9.54
1606949_at	3.65	3.93	3.66	3.72	3.84	4.13	3.85
1606950_at	9.63	9.79	9.68	9.67	9.61	9.98	10.02
1606951_at	8.45	8.12	7.93	7.9	7.93	7.97	8.09
1606952_at	7.43	7.07	7.07	7.26	6.7	7.11	7.25
1606953_at	3.11	3.57	3.33	3.2	3.25	3.6	3.34
1606954_at	2.7	2.77	2.7	2.74	2.94	2.87	2.89
1606955_at	7.97	7.86	7.79	8.04	7.95	8.53	8.8
1606956_at	3.67	3.57	3.67	3.65	3.8	4.02	3.82
1606957_at	7.5	7.56	7.89	8.33	8.29	8.33	8.38
1606958_s_at	11.47	10.85	10.68	10.67	10.19	10.27	10.34
1606959_at	7.15	6.92	6.88	7.12	6.86	7.06	7.28
1606960_s_at	8.5	8.47	8.51	8.37	8.14	8.19	8.24
1606961_at	3.01	3.08	2.9	3.02	3.21	3.03	2.92
1606962_at	9.52	9.63	9.67	9.61	9.84	10.05	10.06
1606963_at	6.11	4.98	5.19	5.03	5.45	5.94	6.21
1606964_at	9.02	8.75	8.98	8.8	8.84	8.65	8.67
1606965_at	3.58	3.76	3.39	3.27	3.78	4.07	3.72
1606966_at	3.75	3.7	3.43	3.86	3.91	3.9	3.52
1606967_s_at	8.85	9.1	9.46	9.25	9.22	9.06	9.37
1606968_at	10.42	10.31	10.21	10.14	9.24	8.7	8.91
1606969_at	6.18	6.25	6.06	5.96	5.85	5.32	5.15
1606970_at	4.32	4.51	4.52	4.51	4.61	4.74	4.97
1606971_at	7.59	7.46	7.65	7.62	7.32	6.92	7.08
1606972_at	3.17	3.3	3.41	3.45	3.6	3.81	3.66
1606973_at	7.63	6.73	7.34	7.75	7.46	7.25	7.61
1606974_at	8.37	7.94	8.28	8.61	8.44	8.59	8.78
1606975_at	8.91	9.66	9.36	8.85	9.27	9.61	9.68
1606976_at	3.76	3.69	3.79	3.78	4.92	4.79	4.56
1606977_at	3.39	3.31	3.46	3.35	3.48	3.58	3.45
1606978_s_at	7.66	7.8	7.69	7.59	7.72	7.56	7.7
1606979_at	3.92	3.84	3.93	4.15	4.1	3.79	3.94
1606980_at	5.52	4.5	4.25	4.35	3.92	4.26	4.16
1606981_at	4.99	4.52	4.7	4.78	4.98	5.36	5.65
1606982_at	7.51	7.79	7.26	7.62	7.73	7.64	7.06
1606983_at	9.19	9.33	9.36	9.25	8.74	8.22	8.36
1606984_at	12.02	11.18	11.14	11.22	11	11.06	11.26
1606985_at	9.9	9.55	8.92	9.85	9.09	10.07	9.69
1606986_at	10.81	11.1	10.92	10.8	11.01	11.18	10.96
1606987_at	8.73	8.56	8.73	9.01	9.18	9.27	9.47
1606988_at	8.5	8.85	8.61	8.73	8.55	8.95	9
1606989_at	7.35	7.73	7.75	7.21	7.39	7.1	7.13
1606990_at	3.16	3.08	3.06	2.99	3.12	3.43	3.16
1606991_at	6.96	7.08	6.95	6.82	6.95	6.51	6.55
1606992_at	3.54	3.94	3.87	3.59	3.62	4.11	3.63
1606993_at	4.81	4.24	4.43	4.57	4.53	5.02	5.2
1606994_at	8.42	8.06	7.98	8.03	7.92	8.29	8.34
1606995_x_at	3.39	3.2	3.07	3.33	3.04	3.32	3.17
1606996_s_at	9.09	8.94	8.63	8.92	8.26	8.8	8.69
1606997_at	10.7	10.18	10.11	10.31	10.05	10.52	10.42
1606998_at	9.05	7.78	8.89	9.59	9.8	8.92	8.9
1606999_at	8.6	9.29	9.18	8.91	9.64	8.78	8.86
1607000_at	4.6	3.27	3.74	4.08	3.29	2.88	3.18
1607001_at	11.66	11.65	11.3	11.19	10.51	9.42	9.36
1607002_at	9.56	9.68	9.36	9.94	10.47	9.88	9.53
1607003_at	7.02	7.49	6.93	6.45	5.94	5.97	5.9
1607004_at	5.48	5.32	5.33	5.24	5.5	5.6	5.85
1607005_at	2.96	3.02	3.05	2.85	2.89	3.14	3.02
1607006_at	3.19	3.32	3.28	3.16	3.45	3.37	3.34
1607007_at	9.4	10.16	9.85	9.66	9.67	9.51	9.5
1607008_at	5.93	5.15	5.25	5.28	5.71	5.93	6.36
1607009_at	3.49	3.54	3.57	3.52	3.81	4.29	3.93
1607010_at	6.08	5.94	5.6	6.12	6.25	6.45	5.73
1607011_at	6.16	5.58	5.52	5.94	5.64	6.06	5.61
1607012_a_at	8.79	8.92	9.25	9.11	8.93	8.45	8.76
1607013_a_at	9.82	9.74	9.56	9.71	9.96	10.56	10.53
1607014_at	4.87	5.28	5.43	5.22	5.64	5.23	5.45
1607015_at	9.82	9.78	10.11	9.91	10.17	9.83	9.89
1607016_at	9.41	9.6	9.82	9.65	9.9	9.62	9.74
1607017_at	7.2	7.4	6.93	6.68	5.64	5.45	5.89
1607018_at	3.17	3.09	3.09	3.17	3.23	3.23	3.3
1607019_at	7.89	5.64	5.78	5.07	4.85	4.5	4.39
1607020_x_at	5.03	4.67	4.99	4.85	5.13	4.96	5.1
1607021_at	9.06	8.39	8.74	8.88	8.79	8.43	8.74
1607022_at	2.68	2.45	2.64	2.78	2.54	2.51	2.74
1607023_at	3.48	3.1	3.17	3.04	3.4	3.21	3.22
1607024_at	3.31	3.54	3.51	3.67	3.98	4.7	4.36
1607025_at	6.49	6.71	6.03	6.06	6.57	6.01	5.41
1607026_s_at	9.35	9.42	9.59	9.51	9.27	9.77	10.29
1607027_at	2.6	2.69	2.63	2.59	2.59	2.68	2.68
1607028_at	9.12	9.94	9.44	9.36	9.1	9.13	9.1
1607029_at	3.72	3.75	4.38	4.97	5.64	5.19	4.75
1607030_at	5.76	6.09	6.44	6.59	6.1	6.45	6.83
1607031_at	9.29	9.48	9.42	9.44	9.39	9.74	9.89
1607032_s_at	9.14	8.8	8.69	9.08	8.51	9.07	9.25
1607033_at	6.36	6.91	6.66	7.46	7.06	7.11	6.82
1607034_at	3.38	3.37	3.27	3.54	3.4	3.6	3.57
1607035_at	7.69	7.25	7	7.8	7.52	7.97	6.96
1607036_at	3.52	3.73	3.51	3.49	3.72	3.72	3.59
1607037_at	6.77	6.59	6.71	6.52	6.84	7.95	7.99
1607038_at	3.43	3.66	3.33	3.33	3.38	3.91	3.63
1607039_at	3.28	3.4	3.38	3.22	3.38	3.45	3.44
1607040_at	3.88	3.63	3.89	3.64	3.65	3.79	3.62
1607041_at	3.38	3.39	3.24	3.24	3.46	3.59	3.58
1607042_at	9.26	9.48	9.5	9.8	9.55	9.71	9.82
1607043_at	10.94	10.26	10.5	10.52	10.67	10.46	10.55
1607044_at	6.98	6.01	6.3	6.55	6.24	6.7	6.91
1607045_at	2.98	3.07	2.93	2.9	2.9	2.98	2.95
1607046_at	7.2	8.17	8.27	8	8.47	8.07	8.2
1607047_at	6.7	7.13	6.9	6.73	7.06	6.78	6.78
1607048_at	8.98	9.2	9.09	8.92	8.81	8.78	8.8
1607049_s_at	13.05	12.82	12.97	12.67	12.06	11.48	11.49
1607050_at	7.68	7.52	7.39	7.63	7.53	7.33	7.19
1607051_x_at	9.9	10.14	10.05	9.85	9.69	9.29	9.57
1607052_at	3.18	3.54	3.34	3.36	3.41	3.62	3.53
1607053_at	3.19	3.15	3.16	3.3	3.19	3.04	3.09
1607054_at	2.95	3.37	3.25	3.23	3.37	3.16	3.25
1607055_at	6.57	6.71	6.73	6.35	6.65	6.44	6.58
1607056_at	7.7	6.91	6.86	7.11	7.18	6.99	6.57
1607057_at	5.62	5.31	5.33	5.32	5.59	5.48	5.37
1607058_at	7.22	7.3	7.28	7.44	7.25	7.03	7.41
1607059_x_at	3.24	3.62	3.14	3.75	3.8	3.34	3.52
1607060_at	4.71	3.62	3.57	4.23	3.87	4.32	3.5
1607061_at	6.49	5.87	5.69	5.15	5.04	4.9	4.87
1607062_at	3.77	3.71	3.71	3.39	3.76	3.41	3.55
1607063_s_at	9.57	9.24	9.49	9.51	9.05	9.31	9.55
1607064_at	10.61	11.02	10.88	10.7	10.6	10.69	10.83
1607065_at	8.27	8.39	8.38	8.32	8.43	8.54	8.58
1607066_at	2.7	2.68	2.79	2.71	2.82	2.82	2.86
1607067_at	5.95	6.14	5.86	5.62	5.82	5.87	5.94
1607068_at	4.54	4.5	4.31	4.75	4.68	4.7	4.64
1607069_at	7.62	8.52	9.05	9.31	9.33	9.02	9.17
1607070_at	6.89	8.31	8.25	7.91	9.98	8.53	8.22
1607071_at	3.1	3.28	3.32	3.04	3.16	3.23	3.39
1607072_at	3.02	2.88	3.03	3.02	2.94	2.87	3.05
1607073_at	6.78	7.42	7.99	8.19	8.34	8.38	8.27
1607074_at	3.12	3.21	3.28	3.08	3.33	3.23	3.19
1607075_at	5.59	5.97	5.84	6.1	6.16	5.95	5.61
1607076_s_at	9.74	10.18	10.13	10.29	10.39	10.77	10.59
1607077_at	4.23	4.03	3.93	3.99	4.33	4.7	4.87
1607078_at	8.84	8.33	7.57	7.55	8.49	8.02	7
1607079_at	8.16	8.53	8.38	8.55	8.61	8.77	8.89
1607080_at	5.04	5.49	5.59	5.75	6.41	6.48	6.21
1607081_at	4.16	4.2	4.12	4.07	4.18	4.35	4.2
1607082_at	7.06	7.62	7.2	7.73	8.25	8.18	7.45
1607083_at	4.94	4.96	5.12	4.77	5.09	4.78	4.88
1607084_at	9.61	9.43	9.52	9.47	8.99	8.8	8.87
1607085_at	8.26	8.61	8.62	8.68	8.8	9.12	9.23
1607086_at	8.75	8.91	9.26	9.76	9.48	9.49	9.86
1607087_at	2.95	2.9	2.95	2.81	3	3.12	2.98
1607088_at	6.26	5.53	5.63	6.22	6.05	6.91	6.58
1607089_at	3.29	3.61	3.44	3.31	3.54	3.83	3.4
1607090_at	4.6	4.63	4.64	4.51	4.68	4.37	4.63
1607091_at	6.99	6.42	5.74	6.05	5.68	5.43	4.88
1607092_at	9.4	9.93	9.46	9.49	9.9	9.63	9.38
1607093_at	3.16	3.19	3.11	2.92	3.12	3.1	2.97
1607094_at	8.12	8.25	8.13	7.97	8.08	8.23	8.03
1607095_s_at	10.48	10.72	10.81	10.9	11.27	11.19	11.39
1607096_x_at	3.76	3.76	3.78	3.75	3.77	3.55	3.49
1607097_at	5.78	6	5.82	5.89	6.27	5.79	5.66
1607098_at	3.56	4.04	3.9	3.79	4.38	4.71	4.47
1607099_s_at	8.99	7.26	7.02	6.7	6.64	6.82	6.72
1607100_at	3.41	3.21	3.33	3.23	3.34	3.35	3.41
1607101_s_at	7.7	7.85	7.56	7.96	8.47	8.21	6.9
1607102_at	5.12	4.61	4.81	5.14	4.84	4.93	5.07
1607103_x_at	6.07	6.13	6.06	5.49	6.01	6.14	6.01
1607104_at	8.8	8.15	8.37	8.78	8.22	8.73	8.67
1607105_at	7.78	7.34	7.37	8.06	7.1	7.44	7.56
1607106_s_at	8.05	7.66	7.61	7.73	7.78	8.46	6.58
1607107_at	3.71	3.53	3.67	3.7	3.89	3.74	3.67
1607108_at	3.4	3.61	3.41	3.51	3.72	3.67	3.59
1607109_at	8.85	9.45	9.3	9.18	9.16	9.35	9.39
1607110_at	2.71	2.85	2.66	2.68	2.71	2.89	2.76
1607111_at	7.79	8.57	8.43	8.17	8.36	8.37	8.18
1607112_at	4.3	5.09	5.11	5.04	5.83	5.85	6.31
1607113_at	9.57	9.89	9.87	9.63	9.79	9.72	9.77
1607114_at	3.09	2.97	2.96	3.25	3.16	3.45	3.27
1607115_at	3.4	3.58	3.63	3.31	3.67	3.62	3.56
1607116_at	7.78	7.72	7.84	7.93	7.28	7.56	7.77
1607117_at	8.71	9.25	9.07	9	9.2	9.34	9.45
1607118_at	9.75	9.91	9.87	10.04	9.98	10.39	10.67
1607119_at	9.69	9.54	9.44	9.46	9.44	9.38	9.44
1607120_at	7.86	7.38	7.64	8.52	8.51	9.29	9.65
1607121_at	6.52	6.82	6.98	6.82	7.12	6.72	6.98
1607122_at	8.9	7.23	7.29	6.9	6.22	6.21	6.59
1607123_at	4.98	4.6	4.8	4.85	4.98	5.23	5.5
1607124_at	8.43	8.63	8.57	8.59	8.92	9.34	9.19
1607125_at	6.31	6.24	6.38	6.54	6.57	7.34	7.33
1607126_a_at	5.25	6.24	5.7	5.44	6.08	5.43	5.06
1607127_s_at	6.31	6.47	6.15	6.57	6.16	5.9	5.77
1607128_at	7.86	8.36	8.13	8.08	8.36	8.47	8.41
1607129_at	3.62	3.54	3.65	3.46	3.68	3.97	3.89
1607130_at	7.84	7.75	7.5	7.64	7.41	7.81	7.97
1607131_at	7.21	7.47	7.31	7.82	7.67	7.72	7.42
1607132_at	3.92	3.3	3.31	3.11	3.2	3.08	2.96
1607133_at	3.58	4.01	3.95	3.82	4.2	4.43	4.02
1607134_at	9.18	8.89	9.04	9.22	9.22	9.98	10.11
1607135_at	6.38	6.92	7.01	6.4	6.79	6.73	6.8
1607136_at	9.03	8.59	8.39	9.13	9.23	9.49	8.7
1607137_at	4.79	5.27	5.28	5.07	5.3	5.2	5.55
1607138_at	4.13	4	4.56	5.87	6.22	7.21	6.91
1607139_at	4.98	4.81	4.76	4.82	5.32	5.25	5.2
1607140_at	10.8	10.78	10.81	10.63	10.63	10.33	10.22
1607141_at	9.94	9.89	9.86	10	9.83	9.71	9.87
1607142_s_at	6.29	6.55	6.56	6.64	6.43	6.67	6.94
1607143_at	5.76	5.27	5.08	4.35	3.75	3.92	4.07
1607144_at	10.82	10.62	10.65	10.71	10.12	10.35	10.55
1607145_s_at	12.21	12.11	12.28	12.15	12.37	12.18	12.35
1607146_at	4.62	5.62	5.31	5.36	6.58	6.29	6.2
1607147_at	6.6	7.31	7.45	7.54	7.39	7.71	7.77
1607148_s_at	10.31	10.58	10.26	10.45	9.93	10.64	10.58
1607149_at	7.33	7.27	7.46	7.77	7.86	8.12	8.18
1607150_at	8.71	8.81	8.56	8.25	8.12	7.93	8.33
1607151_at	3.48	3.58	3.47	3.71	3.77	4.09	3.93
1607152_at	3.57	3.83	3.73	3.62	3.65	4	3.83
1607153_at	5.56	6.19	6.05	5.99	6.15	6.31	6.21
1607154_at	9.31	9.1	9.24	9.22	9.28	9.3	9.41
1607155_at	7.8	8.32	8.19	8.01	7.93	7.94	7.84
1607156_at	9.24	9.27	9.35	9.25	9.18	9.1	9.17
1607157_at	5.89	6.77	6.8	6.5	6.92	7.07	7.16
1607158_at	3.96	3.96	4.17	4.25	4.48	4.85	4.5
1607159_at	3.76	6.07	6.4	6.42	5.84	4.93	4.97
1607160_at	9.5	9.74	9.7	9.72	9.74	10.15	10.24
1607161_at	5.64	6.7	6.63	6.37	6.59	6.92	6.94
1607162_s_at	11.38	10.2	10.11	10.16	9.24	7.21	7.27
1607163_at	8.84	8.47	8.41	8.41	7.73	7.87	8.14
1607164_at	3.32	3.18	3.27	2.99	3.33	3.35	3.44
1607165_at	8.91	8.13	8.37	8.5	8.65	8.86	8.96
1607166_at	9.47	9.21	9.05	8.91	8.96	8.99	8.96
1607167_at	8.96	9.38	9.35	9.4	9.12	9.28	9.29
1607168_at	3.12	3.42	3.11	3.09	3.13	3.39	3.19
1607169_at	6.4	6.61	6.73	6.7	7.53	7.42	7.54
1607170_s_at	10.22	10.77	10.6	10.37	9.69	10.27	10.33
1607171_at	6.96	6.82	6.73	6.58	6.23	6.3	6.48
1607172_at	2.84	2.66	2.76	2.73	2.78	2.64	2.71
1607173_s_at	2.7	2.84	2.88	2.83	2.89	2.67	3.05
1607174_at	7.21	7.23	8.23	8.55	8.96	7.15	6.95
1607175_at	5.88	5.96	5.81	6.12	6.37	7.25	7.06
1607176_at	7.86	7.13	6.83	7.44	7.79	7.63	7.05
1607177_at	3.06	3.29	3.15	3.15	3.26	3.31	3.26
1607178_at	9.52	9.56	9.71	9.6	9.37	9.11	9.18
1607179_at	8.58	8.72	8.74	8.6	8.7	8.86	8.84
1607180_at	7.98	8.08	8.22	7.99	8.06	7.71	7.75
1607181_at	3.79	3.88	3.98	3.79	3.66	3.81	3.92
1607182_s_at	10.32	10.71	10.8	10.88	11.35	11.5	11.42
1607183_at	6.68	7.29	7.27	7.14	7.6	7.68	7.94
1607184_at	4.93	6.19	7.12	8.06	8.18	9.04	9.25
1607185_at	3.59	3.78	3.87	3.9	4.02	4.14	4.27
1607186_at	3.1	3.09	3.17	3.04	3.13	3.61	3.15
1607187_at	3.79	3.94	3.76	3.49	3.47	3.56	3.41
1607188_at	7.54	7.05	7.14	7.37	7.58	7.79	7.67
1607189_at	8.37	7.72	7.63	8.06	7.48	7.72	7.78
1607190_at	3.86	3.81	3.89	4.26	4.2	4.85	4.7
1607191_s_at	7.82	8.22	8.2	8.34	8.33	8.71	9.04
1607192_at	2.97	2.96	2.89	2.96	2.86	2.81	2.92
1607193_at	5.07	5.53	5.52	4.98	5.81	6	5.9
1607194_at	5.63	5.28	5.35	5.85	5.44	4.88	4.22
1607195_at	9.01	9.19	9.1	9.2	9.15	9.8	9.73
1607196_at	7.13	6.11	7.49	7.66	7.85	8.71	8.73
1607197_at	3.6	3.76	3.7	3.61	4.03	4.1	4.02
1607198_at	4	3.94	3.86	3.89	4.46	4.22	3.87
1607199_at	7.43	6.81	6.32	7.21	7.21	7.43	6.09
1607200_at	4.25	4.5	4.41	4.54	4.15	4.86	4.69
1607201_at	3.31	3.26	3.28	3.04	3.27	3.36	3.27
1607202_s_at	9.02	9.18	9.09	8.74	8.92	8.64	8.86
1607203_at	3.58	3.89	3.87	3.64	3.92	4.09	3.78
1607204_at	6.5	6.2	6.17	6.3	5.98	5.75	6.32
1607205_at	3.93	3.96	3.87	3.68	3.89	3.8	4.17
1607206_at	7.99	7.92	7.92	7.53	7.55	7.39	7.36
1607207_at	7.65	7.61	7.64	7.61	7.45	7.67	7.83
1607208_at	3.47	3.22	3.23	3.07	2.73	2.93	2.86
1607209_at	9.06	9.48	9.54	9.48	9.44	9.36	9.46
1607210_s_at	7.87	7.52	7.61	7.48	7.34	7.29	7.34
1607211_at	8.57	8.47	8.41	8.34	8.22	8.3	8.08
1607212_s_at	10.21	9.42	9.89	10.08	9.8	10.17	10.32
1607213_at	5.95	6.2	6.23	6.24	6.73	6.76	6.58
1607214_at	10.77	10.93	10.97	10.73	10.7	10.68	10.76
1607215_at	4.13	4.14	4.07	4.17	4.33	4.06	4.36
1607216_at	6.51	5.77	6.47	6.04	6.42	5.56	5.71
1607217_at	8.86	8.58	8.59	8.66	8.26	8.78	8.82
1607218_at	6.85	8.37	8.03	7.33	8.32	7.75	7.75
1607219_at	3.54	3.98	3.6	3.76	4.42	4.28	4.71
1607220_at	6.75	6.7	6.8	6.6	6.63	6.53	6.56
1607221_at	4.54	5.48	5.22	4.61	4.77	4.44	4.32
1607222_at	4.1	3.9	3.81	3.76	3.92	4.18	3.92
1607223_at	7.67	6.96	7.25	7.58	7.37	7.55	7.76
1607224_at	5.53	5.63	5.71	5.56	5.67	5.35	5.58
1607225_at	4.47	4.7	5.48	6.26	6.25	7.19	7.47
1607226_at	7.27	7.69	7.59	7.43	7.38	7.31	7.54
1607227_s_at	5.65	6.3	5.82	5.27	4.73	4.72	4.45
1607228_at	9.5	8.98	8.32	8.8	8.25	7.03	6.41
1607229_at	3.43	3.71	3.52	3.43	3.55	3.83	3.41
1607230_at	2.68	2.62	2.7	2.69	2.68	2.69	2.61
1607231_at	3	3.07	2.97	3.06	3.11	3.23	3.03
1607232_at	3.1	3.11	3.1	2.92	3.15	3.34	3.16
1607233_at	8.77	8.61	9.02	9.55	9.6	9.87	9.76
1607234_at	3.61	3.43	3.16	2.92	2.95	3.2	2.99
1607235_at	6.67	6.43	6.47	6.46	6.25	5.95	6.47
1607236_at	8.48	8.23	8.53	8.45	8.6	8.22	8.43
1607237_at	9.32	9.26	9.47	9.08	8.96	8.72	8.93
1607238_a_at	7.71	6.75	6.77	7.19	6.45	7.78	8.3
1607239_at	7.79	7.47	7.55	7.85	7.58	8.43	8.52
1607240_at	4.36	3.43	3.37	3.58	3.18	3.58	3.5
1607241_at	8.3	8.81	9.11	9.47	9.36	9.22	9.13
1607242_at	7.99	8.07	8.11	8.07	8	7.99	8.17
1607243_at	10.18	10.09	10.17	10.14	10.06	9.92	9.91
1607244_at	9.02	8.93	8.99	9.2	9.49	9.51	9.68
1607245_at	8.19	8.06	7.92	7.92	7.05	7.88	8.14
1607246_at	3.98	4.15	4.51	4.2	4.78	4.77	4.86
1607247_at	5.85	5.85	6.25	6.34	6.66	6.34	6.42
1607248_at	7.58	7.93	7.93	7.91	8.08	8.26	8.55
1607249_at	7.78	7.88	7.82	7.68	7.72	7.19	7.35
1607250_at	6.15	6.05	6.24	5.71	5.96	5.63	5.8
1607251_at	7.69	7.76	7.88	7.45	7.73	7.81	8.11
1607252_s_at	10.05	9.77	10.02	10.11	10.21	10.18	10.25
1607253_s_at	11.31	11.1	11.36	11.64	11.83	12.37	12.4
1607254_at	6.15	5.62	5.62	6.19	5.79	5.64	5.3
1607255_at	9.1	8.45	8.6	8.95	9.12	9.64	9.52
1607256_s_at	10.19	10.1	10.51	10.63	10.77	10.96	11.25
1607257_at	7.6	7.76	7.57	7.63	7.79	8.01	8.05
1607258_at	8.72	8.71	8.79	8.93	9.06	9.49	9.67
1607259_s_at	11.41	11.31	11.39	11.27	10.89	10.46	10.45
1607260_at	3.19	3.03	3.06	3.01	3.04	3.19	3.06
1607261_at	7.09	7.55	7.08	6.9	7.11	6.76	6.82
1607262_at	4.96	4.5	4.06	4.06	4.12	3.85	3.67
1607263_at	7.94	7.72	7.86	7.92	8.07	7.93	8.27
1607264_at	8.33	8.65	8.59	8.66	8.28	8.58	8.55
1607265_at	2.9	3.06	3.04	3.06	3.1	3.25	3.44
1607266_at	4.08	4.27	4.55	4.6	4.34	5.03	5.17
1607267_at	7.64	7.32	7.11	7.02	6.61	6.2	6.51
1607268_at	3.81	3.67	3.7	3.48	3.38	3.33	3.25
1607269_at	2.69	2.8	2.82	2.78	2.89	3.05	2.86
1607270_at	10.15	8.22	8.41	8.46	8.85	7.7	7.58
1607271_at	7.23	7.07	7.31	6.93	7.12	6.91	6.9
1607272_at	10.34	9.83	9.89	9.89	8.68	6.75	7.37
1607273_at	8.84	8.81	8.62	8.16	8.01	8.05	8
1607274_s_at	7.99	7.87	7.95	8.06	7.31	7.46	7.64
1607275_at	10.19	9.87	10.09	10.06	9.72	9.9	9.92
1607276_at	6.09	6.18	6.2	6.26	6.37	6.3	6.29
1607277_at	9.22	9.41	9.49	9.49	9.76	9.85	9.98
1607278_at	9.94	9.54	9.67	9.46	9.17	9.18	9.3
1607279_at	10.22	10.22	10.5	10.24	10.34	10.24	10.33
1607280_at	10.09	10.01	9.87	10.17	10.03	10.1	9.76
1607281_at	11.52	11.83	11.86	11.76	11.58	11.14	11.18
1607282_at	2.96	2.97	3.02	3.13	3.16	3.29	3.38
1607283_at	6.56	6.75	6.99	6.43	6.72	6.08	6.25
1607284_at	7.07	6.52	6.03	6.13	5.18	5.8	5.98
1607285_s_at	7.14	7.19	7.14	7.1	7.19	7.29	7.33
1607286_at	7.96	7.32	7.23	7.28	7.07	6.77	6.66
1607287_a_at	8.06	7.57	7.6	7.38	7.15	6.82	6.86
1607288_at	3.56	3.97	3.84	3.65	3.83	5.06	5.75
1607289_at	7.94	7.4	7.16	7.66	6.86	7.65	7.71
1607290_at	8.76	9	8.72	9.06	8.56	8.82	8.98
1607291_at	5.6	9.6	8.69	7.46	10.98	9.59	8.5
1607292_s_at	10.54	10.59	10.66	11.09	10.44	11.15	10.43
1607293_at	5.83	6.61	6.52	6.25	7.2	6.74	6.49
1607294_at	11.04	10.66	10.76	10.82	10.96	11.3	11.3
1607295_at	5.44	5.23	4.8	4.45	4.95	5.27	4.87
1607296_x_at	2.51	2.62	2.68	2.8	2.6	2.59	2.58
1607297_at	8.09	8.39	8.18	8.28	8.16	8.12	8.25
1607298_a_at	9.08	9.15	9.23	9.29	9.19	9.31	9.43
1607299_at	3.76	3.87	3.82	3.59	3.87	4.06	3.91
1607300_at	2.9	2.77	3.02	2.76	2.81	2.73	2.71
1607301_at	3.32	3.46	3.44	3.26	3.49	3.63	3.54
1607302_at	7.93	8.45	8.53	8.07	8.15	8.17	8.25
1607303_at	3.04	3.17	2.88	2.9	2.99	3.12	3.01
1607304_at	2.79	2.71	2.65	2.66	2.72	2.71	2.61
1607305_at	2.72	2.83	2.79	2.75	2.89	2.83	2.79
1607306_at	8.41	8.1	8.46	8.3	8.25	7.93	8.19
1607307_at	3.26	3.21	3.18	3.02	3.36	3.49	3.38
1607308_at	6.35	6.31	6.41	6.54	6.63	7.38	7.56
1607309_at	3.54	3.51	3.48	3.27	3.67	3.78	3.5
1607310_at	5.58	6.9	6.65	5.73	5.99	5.47	5.82
1607311_at	7.11	8.63	8.25	7.47	6.66	6.01	6.52
1607312_at	7.9	8.21	8	8.11	8.14	8.1	8.2
1607313_s_at	11.11	11.02	11.09	11.02	11.09	11.1	11.23
1607314_at	4.81	4.65	4.4	4.87	4.76	5.53	4.93
1607315_at	5.23	4.99	5.03	4.82	4.57	4.51	4.88
1607316_at	7.03	7.42	7.34	7.07	6.98	7.01	6.99
1607317_at	5.49	5.48	5.46	5.45	5.73	6.08	5.9
1607318_a_at	9.28	9.01	9.11	9.29	9.59	9.79	9.45
1607319_at	7.47	7.2	6.88	7.94	7.8	7.73	6.31
1607320_s_at	7.8	8.67	9	9.69	11.39	11.42	11.74
1607321_at	9.9	9.7	9.73	9.62	9.62	9.38	9.45
1607322_at	2.76	2.59	2.84	2.73	2.64	2.63	2.81
1607323_at	6.23	6.1	6.06	6.16	6.49	6.31	6.47
1607324_at	6.48	5.48	5.04	5.57	5.4	5.58	4.54
1607325_at	6.08	6.07	6	6.01	5.82	6.5	6.36
1607326_at	10.82	10.46	10.61	10.6	10.5	10.34	10.48
1607327_at	7.9	7.99	7.87	8.13	8.28	7.95	7.63
1607328_at	7.86	8.73	8.32	8.18	8.39	8.62	8.47
1607329_at	3.96	3.92	3.96	3.66	4.01	3.86	3.69
1607330_at	2.95	2.95	2.92	2.9	2.92	2.98	2.97
1607331_at	6.28	6.35	6.19	5.96	5.9	5.49	5.58
1607332_at	8.34	8.35	8.38	8.7	8.54	9.06	9.05
1607333_at	7.49	6.8	6.97	6.99	6.96	7.24	7.41
1607334_a_at	5.99	6.17	5.9	5.44	5.86	6.04	6.1
1607335_at	8.97	9.13	9.35	9.19	9.55	9.74	9.91
1607336_at	11.14	11.47	11.33	11.47	11.23	11.12	11.19
1607337_s_at	8.66	8.8	8.76	8.95	8.92	9.11	8.9
1607338_at	10.55	9.75	9.51	9.11	8.9	8.45	8.56
1607339_at	5.1	5.17	5.42	5.07	5.27	4.91	5.09
1607340_s_at	6.87	7.55	7.82	7.95	8.13	7.89	8.14
1607341_at	11.09	6.57	6.27	5.56	5.27	4.93	5.19
1607342_at	5.22	5.3	5.51	5.1	5.25	6.1	5.39
1607343_at	3.01	2.93	3.14	2.98	3.01	2.92	3.06
1607344_at	6.62	6.78	7.09	7.74	6.58	7.85	7.97
1607345_at	3.66	3.84	3.81	3.54	3.67	3.68	3.59
1607346_at	3.08	3.21	3.26	3.18	3.18	3.18	3.13
1607347_at	6.08	6.25	6.5	6.53	6.86	6.97	7.12
1607348_at	7.34	7.61	7.54	7.83	7.67	7.9	8.08
1607349_at	7.16	6.56	6.64	7.2	7.03	7.84	8.07
1607350_at	2.98	2.92	3.22	2.79	2.83	3.09	2.81
1607351_at	4.5	4.59	4.68	4.55	4.51	4.95	4.62
1607352_at	8.16	8.03	8.44	8.62	8.71	8.35	8.74
1607353_at	6.62	6.09	6.48	7.21	6.85	6.73	6.69
1607354_at	9.24	8.44	8.02	7.81	6.94	6.65	6.86
1607355_at	2.88	2.84	2.81	2.89	2.82	2.78	2.62
1607356_at	7.99	7.19	7.4	7.52	8.49	10.47	10.73
1607357_at	8.89	8.56	8.27	8.2	8.2	8.32	8.2
1607358_at	3.58	3.79	3.83	3.85	3.5	3.91	4.19
1607359_s_at	7.98	7.97	8.25	8.39	8.4	8.32	8.63
1607360_at	7.47	7.52	7.56	7.59	7.25	8.08	8.15
1607361_at	10.86	10.96	10.79	10.72	10.63	10.51	10.62
1607362_at	6.51	6.6	6.72	6.58	6.68	7.05	7.05
1607363_at	3.04	2.93	3.11	3.25	3.15	3.5	3.15
1607364_at	8.53	9.01	8.83	8.67	8.6	8.52	8.47
1607365_at	5.64	5.88	6.67	6.91	7.04	7.44	7.59
1607366_at	8.8	8.86	8.78	8.96	8.72	9.27	8.96
1607367_at	5.82	5.31	5.35	5.55	4.81	5.12	5.11
1607368_at	3.28	3.48	3.25	3.33	3.46	3.98	3.5
1607369_at	5.64	4.9	4.63	4.7	4.22	4.06	4.17
1607370_at	7.49	7.57	7.38	7.73	7.88	8.17	8.07
1607371_at	3.68	3.67	3.61	3.65	3.7	3.88	3.85
1607372_at	3.18	3.21	3.24	3.22	3.31	3.29	3.14
1607373_at	8.71	10.37	10.36	9.75	9.37	8.74	8.92
1607374_at	10.42	9.34	8.76	8.23	7.58	6.96	6.86
1607375_s_at	10.26	10.16	10.23	10.27	10.32	10.13	10.12
1607376_at	3.57	3.51	3.47	3.62	3.63	3.86	3.8
1607377_at	4.54	4.65	4.79	4.99	5.01	6.03	5.88
1607378_at	6.3	6.45	6.51	6.63	6.49	7.19	7.28
1607379_at	3.33	3.39	3.3	3.38	3.35	3.46	3.35
1607380_at	3.69	3.46	3.58	3.66	3.38	3.71	3.52
1607381_at	8.04	8.65	8.22	7.4	7	6.67	6.46
1607382_at	8.38	8.29	8.16	8.25	8.05	8.24	8.26
1607383_at	6.77	6.96	7.08	6.58	6.69	6.7	6.56
1607384_at	9.96	9.81	9.93	9.76	9.55	9.11	9.29
1607385_at	9.02	9.16	8.77	8.85	8.49	8.28	8.3
1607386_at	2.78	2.64	2.73	2.6	2.55	2.65	2.65
1607387_at	4.6	4.33	4.23	4.48	4.68	4.88	4.56
1607388_at	2.93	2.78	2.82	2.64	2.75	2.75	2.67
1607389_at	7.05	7.47	7.44	7.63	7.8	8.07	8.31
1607390_x_at	5.88	6.76	6.25	5.45	5.57	6.12	5.63
1607391_at	4.7	4.13	4.18	4.47	4.66	5.19	4.16
1607392_at	7.17	7.18	7.26	7.64	7.64	7.81	7.69
1607393_s_at	3.52	3.39	3.21	3.35	3.43	3.42	3.18
1607394_at	2.85	2.89	2.92	2.8	2.94	2.95	2.87
1607395_at	2.83	3.08	2.95	2.86	3.06	3.15	3.11
1607396_s_at	7.72	7.12	7.38	7.68	7.73	7.54	7.56
1607397_at	7.75	8.11	8.12	8.02	8.1	8.39	8.34
1607398_at	6.32	6.43	6.54	6.38	6.81	7.22	6.7
1607399_at	8.22	8.01	8.03	8.14	8.23	8.11	7.81
1607400_at	3.16	2.96	3.01	3.06	3.19	3.04	3.12
1607401_at	3.67	3.91	3.7	3.65	4.11	4.34	4.13
1607402_at	6.59	6.44	6.72	6.67	6.38	6.89	7.15
1607403_at	4.17	4.32	4.02	3.91	3.76	4.01	3.87
1607404_at	3.82	4.02	3.71	3.71	3.91	4.19	3.87
1607405_at	8.15	8.4	8.53	8.42	8.32	8.29	8.25
1607406_at	5.48	5.82	5.38	5.03	5.41	4.85	4.87
1607407_at	6.77	5.56	5.35	6.38	4.6	6.21	6.13
1607408_at	7.62	6.88	7.06	7.12	6.82	6	6.3
1607409_at	8.36	8.72	8.94	9.09	9.29	9.19	9.07
1607410_at	3.23	3.4	3.16	3.24	3.41	3.4	3.25
1607411_at	8.62	9.65	9.5	8.91	9.75	8.29	8.07
1607412_at	7.35	9.84	9.8	9.24	9.54	8.28	9.05
1607413_at	7.77	8.21	7.91	7.87	7.99	7.84	7.98
1607414_at	4.73	4.13	4.07	4	4.03	4.3	4.3
1607415_at	10.38	10.61	10.53	10.85	10.77	11.26	11.24
1607416_at	2.92	2.69	2.81	2.82	2.73	2.66	2.92
1607417_at	11.35	7.88	7.33	6.14	5.45	5.13	5.21
1607418_at	3.07	2.93	3.26	3.27	3.23	3.45	3.78
1607419_at	5.22	5.65	5.4	5.4	4.95	5.43	5.43
1607420_at	5.16	4.98	5.2	5.15	5.29	5.36	5.84
1607421_at	11.7	11.73	11.47	11.31	10.8	10.2	10.22
1607422_s_at	8.42	8.24	8.11	7.85	7.48	6.84	7.15
1607423_at	9.15	8.92	9.22	9.37	9.31	8.89	8.97
1607424_at	5.43	5.09	5.28	5.19	5.49	5.57	5.6
1607425_at	9.63	9.24	8.44	8.61	8.25	8.48	8.2
1607426_at	9.14	6.68	5.72	6.93	4.89	4.42	4.02
1607427_at	9.53	9.13	8.78	8.77	8.76	9.01	9.08
1607428_at	6.98	7.56	7.43	6.91	7.17	6.68	6.69
1607429_at	3.02	3.1	3.17	3.05	3.09	3.19	3.2
1607430_at	5.25	5.22	4.57	3.98	3.64	3.67	4.26
1607431_at	3.66	3.57	3.7	3.34	3.33	3.42	3.15
1607432_s_at	10.19	9.38	9.84	9.96	9.42	8.54	8.87
1607433_at	2.88	2.91	2.99	2.79	2.96	2.98	2.93
1607434_s_at	12.64	11.59	11.6	11.95	11.56	11.82	12.11
1607435_at	4.46	4.64	5.03	5.22	5.09	5.81	5.5
1607436_at	7.22	7.04	7.5	6.94	7.46	6.47	7.08
1607437_at	3.75	3.8	3.86	4.09	4.15	4.53	4.63
1607438_at	3.51	4.17	4.17	4.32	4.73	4.32	4.24
1607439_at	8.91	8.9	9.08	9.18	9.41	9.69	9.8
1607440_s_at	8.29	8.27	8.26	8.19	8.13	8.37	8.49
1607441_at	3.12	3.16	3.13	3.15	3.16	3.2	3.2
1607442_at	8.71	5.52	4.5	4.23	3.84	3.53	3.64
1607443_at	3	2.96	3.02	2.94	3.23	3.16	2.98
1607444_at	8.51	8.04	7.94	8.21	7.78	8.18	8.3
1607445_at	3.81	3.86	3.77	3.71	3.69	3.94	4.38
1607446_at	4.98	5.22	5.11	5.23	5.3	5.51	5.75
1607447_at	3.07	3.11	2.99	3.09	3.17	3.1	3.2
1607448_a_at	7.38	7.68	7.86	7.92	7.95	8.17	8.34
1607449_s_at	11.7	10.83	10.76	10.43	9.56	8.82	9.28
1607450_at	8.32	7.95	8.21	8.06	7.99	7.88	8.09
1607451_at	7	7.36	7.15	7.18	7.72	7.52	7.61
1607452_at	7.04	7.88	7.83	7.44	8	8.06	7.94
1607453_at	8.91	8.86	8.24	7.79	7.28	7.34	7.18
1607454_at	4.69	3.92	3.9	4.44	4.45	4.35	3.83
1607455_at	11.22	11.29	11.42	11.13	10.79	10.25	10.49
1607456_at	6.61	7.01	7.07	7.48	7.66	8.24	7.72
1607457_at	11.78	11.84	11.68	11.87	11.62	11.78	11.73
1607458_at	3.5	3.42	3.36	3.25	3.3	3.35	3.36
1607459_at	4.5	4.71	4.41	4.5	4.32	4.37	4.25
1607460_at	4.65	5.26	5.02	4.94	4.46	5.18	5.64
1607461_at	7.22	7.07	7.59	7.82	8.05	7.98	8.39
1607462_at	10.88	10.83	10.91	11.09	10.94	11.09	11
1607463_at	3.12	3.32	3.24	3.26	3.03	3.26	3.51
1607464_at	6.7	6.87	6.94	6.64	6.92	7.19	7.1
1607465_at	2.71	2.86	2.91	2.84	2.95	3.19	3.08
1607466_at	7.49	6.65	6.62	6.47	6.2	5.95	5.96
1607467_at	4.06	3.5	3.35	3.33	3.33	3.46	3.22
1607468_at	7.14	8.19	8.26	8.24	7.73	7.61	7.59
1607469_at	8.43	8.86	8.92	8.56	8.76	8.84	8.82
1607470_at	3.93	3.78	3.83	3.94	4.07	4.53	4.49
1607471_at	6.95	6.18	6.2	6.52	5.68	6.22	6.15
1607472_at	8.35	8.93	8.96	9.02	9.43	9.56	9.77
1607473_at	4.85	3.74	4.02	3.83	3.34	3.37	3.35
1607474_at	9.05	9.81	9.69	9.38	9.69	9.46	9.69
1607475_s_at	4.53	4.85	5.21	5.39	6.97	7.73	7.71
1607476_at	8.29	8.1	8.76	9.12	9.18	9.27	9.39
1607477_at	9.07	9.18	9.1	9	9.1	9.5	9.39
1607478_at	2.96	2.81	2.91	3	2.88	2.94	2.9
1607479_at	3.46	3.44	3.28	3.16	3.39	3.48	3.38
1607480_at	7.27	7.53	7.37	7.18	7.42	7.44	7.56
1607481_at	3.33	3.29	3.39	3.44	3.62	3.66	3.38
1607482_at	9.82	9.53	9.44	9.49	8.87	8.7	8.75
1607483_at	2.88	3.02	2.99	2.98	2.97	3.17	2.97
1607484_at	3.16	3.09	3.07	3.07	3.23	3.33	3.24
1607485_at	7.72	7.39	7.41	7.43	7.53	7.46	7.3
1607486_at	8.64	7.84	7.66	7.58	6.5	7.17	7.27
1607487_at	5.63	5.99	6.03	5.65	5.74	5.66	5.64
1607488_at	6.93	7.04	7	6.75	6.46	6.52	6.75
1607489_at	4.84	4.84	4.85	4.66	4.31	4.06	4.12
1607490_at	7.7	5.98	5.72	5.4	5.2	5.32	5.41
1607491_at	6.35	6.28	6.37	6.24	6.49	6.13	6.25
1607492_at	7.98	7.85	9.33	10.24	11.11	10.69	10.98
1607493_at	3.38	3.34	3.31	3.35	3.43	3.54	3.42
1607494_at	9.41	8.44	8.23	8.1	7.9	7.78	7.85
1607495_at	6.62	6.1	5.84	6.14	5.69	5.81	5.34
1607496_at	8.57	8.32	8.64	8.88	9.01	10.04	10.17
1607497_at	10.64	10.35	10.24	10.1	9.82	9.7	9.58
1607498_at	11.42	11.27	10.94	11.31	10.89	10.69	10.66
1607499_at	3.05	3.06	3.15	3.06	3.05	3.08	3.1
1607500_at	8.35	7.72	7.27	7.58	7.25	7.62	7.04
1607501_at	3.6	2.88	2.81	3.38	3.45	3.31	2.81
1607502_at	10.18	10.48	10.58	10.43	10.36	10.32	10.18
1607503_s_at	12.06	12.57	12.2	11.8	11.78	11.39	11.49
1607504_at	3.22	3.17	3.14	3.11	3.34	3.4	3.31
1607505_s_at	8.72	8.46	9.14	9.86	9.74	10.06	10.05
1607506_x_at	8.25	7.9	8.37	8.6	8.84	8.36	8.65
1607507_at	9.78	9.43	9.39	9.67	9.48	9.25	9.33
1607508_at	4.41	4.18	3.86	4.19	4.31	4.24	3.92
1607509_at	2.7	2.73	2.91	2.75	2.76	2.61	2.73
1607510_at	4.65	4.64	4.9	4.62	4.68	4.53	4.59
1607511_at	3.5	3.55	3.55	3.46	3.5	3.75	3.61
1607512_at	3.32	3.39	3.34	3.26	3.6	3.72	3.29
1607513_at	6.73	4.14	3.74	3.51	3.15	2.97	2.9
1607514_at	5.04	4.55	4.76	4.52	4.31	3.67	3.79
1607515_at	8.04	8.5	8.5	8.49	8.67	8.55	8.69
1607516_at	8.48	8.7	8.51	7.64	7.97	6.99	6.46
1607517_at	5.21	5.62	5.62	5.45	5.24	5.09	5.51
1607518_at	8.61	7.84	7.78	8.64	8.54	8.87	8.35
1607519_at	4.09	8.14	8.51	10.13	10.61	9.91	10.13
1607520_at	4.3	5.19	5.45	5.29	6.02	6.65	7.12
1607521_at	3.8	4.03	3.85	3.72	4.03	4.12	3.92
1607522_at	3.61	3.53	3.52	3.58	3.65	3.73	3.62
1607523_at	6.04	6.22	6.16	6.1	4.76	5.03	5.27
1607524_at	9.76	8.87	8.36	8.46	7.14	7.59	7.82
1607525_at	2.63	2.67	2.63	2.69	2.73	2.49	2.66
1607526_at	5.1	5	4.95	4.83	4.89	5.17	5.11
1607527_at	4.49	4.73	4.45	4.31	4.65	4.97	4.49
1607528_at	4.59	3.91	4.33	4.31	4.34	3.8	3.38
1607529_at	3.54	3.09	3.11	3.15	3.06	3.07	3.12
1607530_at	8.04	8.83	8.77	8.52	8.14	8.39	8.52
1607531_at	8.28	8.7	8.52	8.63	8.25	8.91	8.96
1607532_at	10.9	11.01	11.04	10.87	10.66	10.07	10.18
1607533_at	4.59	4.83	4.81	5.2	5.08	5.8	5.5
1607534_at	7.06	7.18	7.44	7.54	7.21	6.56	6.52
1607535_at	2.56	2.73	2.57	2.66	2.66	2.63	2.69
1607536_s_at	9.17	9.73	9.98	9.82	10.24	10.53	10.58
1607537_at	8.2	9.44	9.41	9.14	9	8.94	8.98
1607538_at	4.06	4.04	3.92	3.75	4.11	4.24	3.85
1607539_at	7.98	7.4	6.93	7.69	7.94	8.32	6.8
1607540_at	2.99	2.82	2.9	2.93	2.91	2.74	2.94
1607541_at	9.38	11.2	10.82	10.29	9.27	8.34	8.48
1607542_at	3.79	3.31	3.36	3.32	3.02	3.5	3.55
1607543_at	3.35	3.66	3.58	3.4	4.46	3.76	3.65
1607544_at	3.96	4.09	4.05	4.08	4.35	4.3	3.98
1607545_at	3.18	3.12	3.26	3.33	3.06	3.28	3.24
1607546_at	3.1	3.12	3.17	3.11	3.21	3.34	3.26
1607547_at	6.3	6.36	6.41	6.39	6.17	6.67	6.85
1607548_at	9.44	9.18	8.76	9.01	8.81	8.74	8.15
1607549_at	6.92	8.01	7.92	7.68	7.36	7.54	7.55
1607550_at	7.55	7.49	7.62	7.49	7.05	7.3	7.49
1607551_at	10.32	10.15	10.21	10.26	10.15	10.34	10.43
1607552_at	4.8	4.93	5.42	4.91	5.68	5.89	6.02
1607553_at	8.21	7.65	7.7	7.02	6.66	6.6	6.62
1607554_at	3.46	3.68	3.41	3.36	3.45	3.69	3.24
1607555_a_at	7.94	8.09	7.89	7.84	7.93	8.21	8.58
1607556_at	2.95	3	2.96	2.98	3.07	3.08	3.04
1607557_at	3.53	6.15	6.89	7.7	10.81	10.41	10.64
1607558_at	3.45	3.52	3.36	3.27	3.37	3.53	3.34
1607559_at	8.94	9.91	9.96	9.75	9.14	8.86	8.86
1607560_at	9.27	9.76	9.65	9.3	8.5	7.95	8.06
1607561_at	10.35	8.76	7.62	7.35	6.02	6.12	6.31
1607562_at	7.64	7.57	7.49	7.7	7.7	8.07	8.11
1607563_at	7.59	7.7	7.58	7.55	7.63	7.54	7.57
1607564_at	11.22	10.23	10.16	9.88	9.95	9.74	9.87
1607565_s_at	3.32	3.36	3.33	3.23	3.2	3.38	3.18
1607566_s_at	9.76	10.53	10.78	11.15	11.27	11.26	11.34
1607567_at	9.86	9.92	10.74	11.4	11.53	11.24	11.5
1607568_at	2.76	2.65	2.77	2.65	2.72	2.57	2.65
1607569_at	5.74	6.36	6	6.11	6.25	7.32	7.55
1607570_at	3.73	3.7	3.41	3.59	3.61	3.74	3.79
1607571_at	9.54	9.82	9.81	9.35	9.39	9.06	9.07
1607572_s_at	11.55	11.29	11.38	11.5	11.18	11.35	11.33
1607573_at	3.92	4.02	3.95	4.12	4.27	4.22	4.5
1607574_at	6.81	5.44	4.95	4.73	3.7	3.86	4.15
1607575_at	9.54	9.28	9.24	9.05	8.94	8.89	8.97
1607576_at	2.98	3.04	2.99	3.08	3.02	3.31	3.17
1607577_at	8.61	8.59	8.74	8.95	9.1	9.67	9.66
1607578_at	9.4	8.09	7.89	7.98	7.39	7.96	8.05
1607579_at	9.05	8.97	8.42	8.11	6.64	6.82	7.24
1607580_s_at	12.09	12.23	12.16	12.15	12	11.98	11.93
1607581_at	8.01	8.47	8.4	8.73	8.68	8.96	8.93
1607582_at	8.03	8.67	8.71	8.72	8.88	9.08	9.24
1607583_at	7.8	7.77	7.96	8.06	8.48	8.65	8.71
1607584_at	6.17	6.24	6.29	5.8	5.93	6.6	6.76
1607585_at	5.7	5.82	5.78	5.41	5.45	5.54	5.32
1607586_at	2.75	2.81	2.8	2.83	2.9	2.87	2.83
1607587_at	4.91	4.42	4.16	4.21	3.87	4.32	4.09
1607588_at	3.21	3.48	3.36	3.22	3.55	3.43	3.41
1607589_at	6.15	6.55	6.39	6.39	6.59	6.83	6.98
1607590_at	7.9	8.81	8.53	8.03	8.78	8.54	8.35
1607591_at	3.16	3.23	3.1	2.97	3.21	3.39	3.19
1607592_at	4.61	4.8	5.29	5.16	5.25	6.06	6
1607593_at	6.79	6.72	6.7	6.6	6.44	6.7	6.89
1607594_at	3.59	3.63	3.71	3.47	3.86	3.67	3.63
1607595_at	6.99	6.69	6.84	7.33	7.36	7.59	7.08
1607596_x_at	3.01	3.07	2.86	3.09	3.49	3.12	3.04
1607597_at	3.27	3.31	3.27	3.47	3.42	4.05	3.75
1607598_at	8.37	8.77	8.78	8.82	8.86	8.58	8.79
1607599_at	7.75	7.23	7.2	6.86	7.21	7.48	7.65
1607600_at	3.14	3.23	3.33	3.12	3.17	3.31	3.14
1607601_at	8.26	7.42	6.8	6.62	6.3	6.29	6.2
1607602_at	2.87	2.89	3.02	2.8	2.85	2.98	2.87
1607603_at	5.21	5.48	5.41	5.26	4.91	5.31	5.15
1607604_at	7.51	7.87	8.24	8.42	8.74	8.75	8.78
1607605_at	5.8	5.39	5.93	5.6	5.52	4.76	5.05
1607606_at	7.26	10.39	10.71	10.88	11.51	11.74	11.96
1607607_s_at	10.86	11.11	10.9	11.11	10.64	10.59	10.64
1607608_at	8.66	7.8	7.91	8.2	7.65	8.6	8.68
1607609_at	8.03	7.58	7.2	7.22	5.21	4.65	5.4
1607610_at	7.83	7.63	7.58	7.54	7.29	7.11	7.15
1607611_at	6.07	6	6.1	6.17	6.17	6.23	6.14
1607612_at	9.84	9.14	9.39	9.6	9.49	9.07	9.47
1607613_at	9.72	9.36	9.21	9.44	9	9.02	9.07
1607614_at	5.59	5.54	5.61	5.38	5.46	5.55	5.62
1607615_at	5.93	6.11	5.81	5.57	4.64	4.43	4.66
1607616_at	7.38	7.59	7.36	7.65	7.32	8.16	8.12
1607617_at	3.13	3.24	3.03	3.1	3.23	3.51	3.16
1607618_at	7.27	7.26	7.41	7.57	7.81	7.66	7.64
1607619_s_at	5.31	7.66	7	6.31	7.71	6.7	6.25
1607620_at	4.05	4.47	4.92	5.49	5.85	6.01	6.3
1607621_at	8.7	8.51	8.41	8.27	7.33	6.36	6.57
1607622_at	9.7	9	8.76	8.73	8.15	7.64	7.44
1607623_at	2.99	3.03	2.88	2.93	2.99	3.09	2.91
1607624_at	7.5	7.9	7.96	8.01	7.89	7.45	7.45
1607625_at	3.73	3.24	3.68	4.18	3.94	3.71	4.2
1607626_at	2.91	2.95	2.82	2.89	2.8	3.03	2.98
1607627_at	4.55	4.05	4.2	4.12	4.33	5.11	4.75
1607628_at	3.16	3.1	3.27	3.09	3.23	3.24	3
1607629_at	2.89	3.3	3.24	3.04	3.01	3.24	3.17
1607630_at	5.81	7.27	7.89	8	8.36	6.79	6.62
1607631_at	7.81	8.23	8	7.95	8.07	8.17	8.1
1607632_at	5.85	5.56	5.78	6.12	6.51	6.03	5.86
1607633_at	2.83	2.9	2.8	2.85	2.96	2.87	2.94
1607634_at	5.23	5.08	5.15	5	5.46	5.51	5.41
1607635_at	2.91	2.98	3.01	3.09	3.09	2.87	3.09
1607636_at	9.91	9.84	9.75	9.97	10.36	10.51	10.66
1607637_at	9.55	9.72	9.61	9.57	9.68	10	10
1607638_at	3.47	3.49	3.65	3.55	3.6	3.38	3.46
1607639_s_at	4.68	4.34	4.14	4.2	3.81	4.14	4.46
1607640_at	8.31	8.37	8.26	8.14	8.21	8.06	8.3
1607641_at	3.56	3.71	3.56	3.28	3.75	3.89	3.63
1607642_at	10.21	9.81	9.94	10.08	10.11	9.92	10.12
1607643_at	4.24	3.86	4.17	4.06	3.84	4.27	4.03
1607644_at	3.88	4.23	3.95	3.9	4.13	4.05	4.04
1607645_at	7.02	9.02	8.69	8.13	8.26	7.85	7.6
1607646_at	6.96	6.46	6.54	6.3	6.27	6.08	6.19
1607647_at	3.78	3.74	3.75	3.71	3.86	3.96	3.91
1607648_s_at	10.39	10.11	10.37	10.26	10.5	10.41	10.4
1607649_at	5.96	5.98	5.85	6.09	6.3	7.15	6.55
1607650_at	3.72	3.83	3.7	3.72	3.72	4.01	3.86
1607651_at	5.81	5.75	5.71	5.56	5.57	5.05	5.26
1607652_a_at	8.57	7.84	8.14	8.24	8.18	8.06	8.31
1607653_at	9.39	9.55	9.31	9.29	7.82	5.83	5.85
1607654_at	2.91	2.71	2.84	2.76	2.91	2.89	2.75
1607655_at	4.58	4.66	4.45	4.18	4.53	4.57	4.07
1607656_at	4.78	4.58	4.44	4.44	4.36	4.37	4.68
1607657_at	8.8	8.4	8.49	8.56	8.47	8.18	8.33
1607658_at	8.26	8.91	8.92	9.11	9.08	8.88	8.89
1607659_at	7.75	7.72	7.61	7.56	7.45	7.5	7.5
1607660_at	12.11	12.03	12.01	11.93	11.74	11.44	11.43
1607661_s_at	8.06	7.77	7.92	8.11	7.67	7.48	7.67
1607662_at	5.03	4.75	4.68	4.8	4.26	4.6	4.88
1607663_at	10.64	9.92	10.32	10.02	10.06	9.73	9.65
1607664_at	9.5	8.34	8.13	7.48	7.03	6.28	6.57
1607665_a_at	10.04	9.94	10.09	10.09	10.13	10.1	10.14
1607666_at	9.88	9.65	9.7	9.74	9.55	8.93	9.02
1607667_at	10.24	6.56	5.03	4.5	4	4.25	3.81
1607668_at	8.7	8.14	8.21	8.16	7.94	8.29	8.36
1607669_at	7.69	7.01	7.36	7.72	7.39	8.07	8.14
1607670_at	3.47	3.66	3.68	3.1	3.33	3.07	3.16
1607671_at	2.89	2.94	2.95	3.01	3.15	3.09	3.05
1607672_at	7.26	6.06	6.09	6.75	6.5	7.01	7.09
1607673_at	9.6	8.9	8.63	8.88	8.23	7.93	7.95
1607674_at	9.8	9.33	9.49	10.37	9.96	9.68	9.39
1607675_at	7.12	6.91	6.87	6.87	6.9	6.62	6.9
1607676_at	6.45	6.21	5.99	6.28	5.89	5.75	5.99
1607677_at	4.91	4.65	4.88	4.55	4.99	4.53	4.9
1607678_at	7.13	6.94	6.68	6.21	5.36	5.69	5.7
1607679_at	5.98	5.44	5.46	6.13	5.76	5.96	5.46
1607680_at	8.53	8.81	8.62	8.41	8.01	7.34	7.41
1607681_at	9.59	9.69	9.76	10	9.43	9.57	9.82
1607682_s_at	9.3	8.91	8.74	8.93	8.18	8.59	8.67
1607683_at	9.51	9.4	9.34	9.43	8.93	9.08	9.12
1607684_at	3.1	2.99	3.01	2.97	3.08	3.08	3.09
1607685_at	2.86	3.02	2.78	2.93	2.89	2.96	2.95
1607686_s_at	11.99	11.94	11.92	11.78	11.35	11.45	11.39
1607687_s_at	10.49	10.23	10.46	10.56	10.4	10.24	10.19
1607688_at	7.93	8.16	8.33	8.24	7.93	8.51	8.66
1607689_at	5.53	5.38	5.42	5.36	5.59	5.6	5.72
1607690_at	6.52	5.87	5.42	5.87	5.11	4.54	4.86
1607691_at	2.84	2.97	3.1	2.93	2.94	2.87	2.89
1607692_at	2.84	2.77	2.83	2.67	2.8	2.93	2.83
1607693_at	3.28	3.27	3.11	3.13	3.23	3.36	3.38
1607694_at	3.11	3.32	3.14	3.22	3.33	3.36	3.39
1607695_at	3.29	3.1	3.24	3.24	3.43	3.45	3.62
1607696_at	7.69	7.76	7.66	7.7	7.79	8.11	7.95
1607697_at	7.15	7.18	7.39	7.77	8.64	8.02	8.15
1607698_at	6.29	6.76	6.75	6.75	7.98	6.62	6.43
1607699_at	7.42	7.55	7.68	7.91	8.13	7.46	7.5
1607700_at	7.42	7.98	7.69	7.61	6.86	7	7.08
1607701_at	4.1	4.94	5.02	4.99	4.91	4.47	4.42
1607702_at	8.24	8.29	8.36	8.09	8.16	8.12	8.21
1607703_s_at	6.19	6.48	6.52	6.14	6.48	6.09	5.95
1607704_at	10.08	9.87	9.9	9.82	9.63	9.27	9.35
1607705_at	5.6	4.83	5.33	5.28	4.87	4.05	3.66
1607706_at	7.49	7.51	7.5	7.26	7.63	7.97	7.89
1607707_at	4.85	5.24	5.4	5.31	5.77	5.52	5.55
1607708_at	6.35	5.24	4.88	4.57	4.38	4.41	4.63
1607709_at	6.07	5.82	5.58	5.39	4.96	4.78	4.95
1607710_at	8.37	7.93	8.34	8.71	8.54	9.02	9.24
1607711_at	2.87	2.84	2.88	3.01	2.88	3.04	3.11
1607712_at	2.65	2.75	2.63	2.58	2.77	2.68	2.71
1607713_s_at	4.62	4.29	4.46	4.33	3.91	4.36	4.47
1607714_at	3.52	3.48	3.35	3.4	3.45	3.38	3.52
1607715_at	4.54	4.48	4.71	4.72	4.76	5.02	5.65
1607716_at	4.41	3.75	3.64	4.15	4.17	4.71	3.82
1607717_at	4.05	4.21	4.16	4.27	4.45	4.93	4.75
1607718_at	6.83	7.19	7.26	7.25	6.79	7.18	7.68
1607719_at	12.54	12.61	12.65	12.36	12.5	12.52	12.66
1607720_at	4.16	4.04	4.34	4.39	4.65	4.23	4.59
1607721_at	10.7	9.76	10.12	10.55	10.03	9.93	9.95
1607722_at	7.2	7.68	7.71	7.22	7.33	6.83	7.03
1607723_at	4.14	4.3	4.14	4.13	4.39	4.2	4.2
1607724_at	3.04	3.03	3.05	2.99	3.06	2.91	3.14
1607725_at	7.52	7.26	7.06	7.6	7.29	7.19	7.72
1607726_at	9.6	9.46	9.34	9.49	9.76	10.11	10.11
1607727_at	9.16	9.37	9.54	9.61	9.84	10.32	10.3
1607728_at	8.76	8.79	8.93	9.19	8.99	9.6	9.59
1607729_at	4.78	4.45	4.79	4.81	4.38	4.93	5.52
1607730_at	8.51	8.57	8.54	8.4	8.57	8.78	8.85
1607731_at	6.78	6.55	6.68	6.61	7.13	7.47	7.11
1607732_at	11.9	11.96	11.88	11.68	11.28	10.67	10.63
1607733_at	6.41	6.99	7.04	7.18	7.25	7.35	7.3
1607734_at	2.65	2.67	2.79	2.9	2.76	2.69	2.77
1607735_at	6.09	6.2	6.13	6.22	6.48	6.64	6.49
1607736_at	4.44	4.27	4.45	4.64	4.13	4.67	4.3
1607737_at	8.6	7.9	8.13	8.28	8.23	7.65	7.76
1607738_at	3.44	3.52	3.27	3.28	3.35	3.55	3.42
1607739_at	11.46	11.64	11.5	11.15	10.84	10.08	10.22
1607740_at	3.31	3.39	3.53	3.47	3.73	3.93	3.76
1607741_a_at	7.47	7	6.85	7.29	6.93	7.69	7.72
1607742_at	4.63	4.85	4.75	4.95	5.11	5.34	5.3
1607743_at	7.39	7.24	7.19	7.15	6.91	7.03	7.14
1607744_at	3.46	3.42	3.57	3.37	3.36	3.38	3.25
1607745_at	8.18	8.29	8.4	8.72	8.62	9.09	9.25
1607746_at	9.29	8.05	7.86	7.72	6.45	8.04	7.71
1607747_at	8.54	7.97	8.17	8.28	8.18	8.42	8.49
1607748_at	4.42	4.14	4.06	3.99	4.19	5.51	5.9
1607749_at	5.95	4.41	4.39	4.37	3.8	4.3	4.45
1607750_at	3.85	3.76	3.97	3.79	3.79	3.81	3.85
1607751_at	2.82	2.99	2.93	2.74	2.94	2.97	2.85
1607752_at	6.81	4.58	4.45	4.3	4	4.23	4.32
1607753_at	4.42	5.4	4.97	4.87	4.53	5.14	5.11
1607754_at	2.88	2.79	3.16	2.85	2.97	2.76	2.73
1607755_at	8.06	7.9	7.86	7.65	7.7	7.74	7.96
1607756_s_at	9.07	9.2	9.15	9.17	9.08	9.2	9.26
1607757_at	6.35	6.14	6.26	6.02	5.96	5.55	5.49
1607758_at	9.94	10.17	10.27	10.22	10.37	10.25	10.5
1607759_at	9.72	9.4	9.83	10.02	10.18	10.48	10.46
1607760_at	10.02	8.8	9.06	9.19	10.29	10.46	10.81
1607761_at	8.78	8.57	8.51	8.6	8.29	8.61	8.77
1607762_at	9.34	8.92	8.76	8.78	9.03	9.28	9.31
1607763_at	6.77	6.16	6.2	6.95	7.25	7.43	6.72
1607764_at	3.04	3.08	2.99	2.84	3.24	3.16	3.32
1607765_at	7.98	7.69	7.72	8.17	8.37	8.55	8.57
1607766_at	5.02	4.47	4.11	3.91	4.08	4	4.01
1607767_at	7.21	5.16	4.9	4.38	4.4	4.34	4.53
1607768_at	4.71	4.87	5	4.92	5.18	5.05	5.25
1607769_at	3.49	3.99	4.23	4.29	4.18	4.43	4.53
1607770_at	4.99	3.5	3.68	3.54	3.68	3.59	3.8
1607771_at	2.91	2.87	2.82	2.77	2.81	3.08	2.84
1607772_at	2.87	2.74	2.81	2.83	2.96	2.85	2.82
1607773_at	3.91	3.87	3.83	3.61	3.9	3.76	3.8
1607774_at	5.58	5.5	5.71	5.74	5.38	5.91	5.87
1607775_at	6.14	6.49	6.37	6.53	6.68	7.06	7.33
1607776_at	8.78	9	9.12	9.35	9.19	9.6	9.59
1607777_at	6.45	6.97	6.4	5.41	4.47	4.18	3.94
1607778_at	3.98	3.94	4.18	4.2	3.9	4.36	3.95
1607779_at	8.22	9.07	8.85	8.46	8.95	8.99	8.78
1607780_x_at	9.36	8.81	9.1	9.28	8.84	8.99	9.08
1607781_at	8.03	8.27	7.97	8.3	8.51	8.95	8.59
1607782_x_at	2.65	2.87	3.29	2.99	3.04	3.17	2.97
1607783_at	5.9	6.18	5.64	5.8	5.48	5.33	5.47
1607784_at	3.72	3.88	3.69	3.62	3.73	4.12	3.9
1607785_at	3.58	3.68	3.33	3.3	3.57	3.64	3.34
1607786_at	4.55	4.57	4.37	4.5	4.81	4.96	4.75
1607787_at	4.96	4.33	4.95	5.69	5.25	6.33	4.15
1607788_at	7.48	8.19	7.86	7.59	7.52	6.95	7.16
1607789_at	6.9	6.95	6.84	7.08	7.08	7.64	7.42
1607790_at	4.35	4.34	4.99	5.27	5.11	5.61	5.72
1607791_at	8.95	7.45	7.25	6.46	5.63	5.09	4.94
1607792_at	5.7	4.63	4.44	4.06	4.14	4.4	4.51
1607793_at	9.39	9.89	9.73	9.38	8.96	8.76	8.83
1607794_a_at	8.27	8.66	8.3	8.32	7.7	7.01	6.73
1607795_at	10.67	10.35	10.19	10.38	10.06	10	10.1
1607796_at	3.25	3.15	2.98	2.95	3.02	3.16	3.03
1607797_at	2.75	2.88	2.88	2.86	2.88	2.95	2.94
1607798_at	2.76	2.7	2.62	2.74	2.68	2.64	2.71
1607799_at	4.81	4.61	4.73	4.74	4.91	4.69	4.7
1607800_at	8.98	7.31	6.67	6.94	4.81	6.21	5.83
1607801_at	7.97	7.69	7.45	8.05	8.37	8.67	7.98
1607802_at	2.97	3.14	3.08	3.2	3.37	3.51	3.47
1607803_at	7.83	6.77	6.63	7.28	7.43	7.66	6.8
1607804_at	6.31	6.33	6.11	6.09	6.58	6.75	6.4
1607805_s_at	8.53	8.74	8.78	8.88	8.78	8.31	8.23
1607806_at	8.57	8.14	8.2	8.14	8.34	8.34	8.34
1607807_s_at	9.81	9.77	9.55	9.59	9.07	9.54	9.72
1607808_at	3.09	3.18	3.08	2.93	3.17	3.21	3.01
1607809_s_at	6.58	6.06	6.36	6.54	6.11	6.49	6.95
1607810_at	6.03	6.95	6.77	6.54	7.39	7.28	7.25
1607811_at	8.28	8.81	8.68	8.46	8.43	8.14	8.3
1607812_at	8.23	7.19	6.95	7.21	6.88	7.36	7.6
1607813_at	9.52	9.98	9.58	9.57	9.3	9.44	9.54
1607814_at	7.08	8.22	8.29	7.59	7.19	5.67	5.62
1607815_at	2.97	2.92	2.93	2.94	2.78	2.92	2.94
1607816_at	9.54	9.36	8.79	8.59	7.59	7.76	7.76
1607817_at	7	7.89	8.21	8.58	7.98	8.78	8.95
1607818_at	9.88	9.77	9.74	9.45	9.28	8.89	9.03
1607819_at	6.86	6.74	6.6	6.66	6.4	6.36	6.37
1607820_at	3.72	3.78	3.74	3.71	4.32	4.47	4.53
1607821_at	5.34	5.46	5.47	5.27	5.63	5.77	5.64
1607822_at	2.73	2.87	2.82	2.8	2.77	2.87	2.74
1607823_s_at	9.03	9.16	9.22	9.34	9.09	9.21	9.4
1607824_at	3.16	3.12	3.15	3.08	3.3	3.19	3.18
1607825_at	4.64	5.09	4.7	4.56	4.95	4.6	4.74
1607826_at	3.49	3.33	3.33	3.38	3.6	3.48	3.54
1607827_at	3.14	3.25	3.38	3.36	3.56	3.44	3.75
1607828_at	6.71	7.4	7.52	7.32	7.63	7.35	7.6
1607829_at	3.16	2.99	3.05	2.9	3.05	3.09	3.03
1607830_at	5.34	5.11	5.34	5.19	5.59	5.6	5.42
1607831_at	9.31	9.49	9.34	8.96	8.52	8.13	8.21
1607832_at	8.07	8.21	8.06	7.84	6.96	6.92	7.11
1607833_at	3.23	3.61	3.21	3.22	3.56	3.69	3.36
1607834_at	8.52	8.8	8.55	8.54	8.57	8.67	8.75
1607835_at	6.18	6.78	6.82	6.73	6.94	6.59	6.68
1607836_at	4.49	3.5	3.53	3.5	3.42	3.34	3.4
1607837_at	10.46	9.55	9.06	9.09	7.95	6.53	6.15
1607838_at	8.1	8.45	8.34	8.22	8.55	8.57	8.6
1607839_at	6.92	7.79	7.26	7.06	6.75	6.26	6.17
1607840_at	7.97	8.24	8.29	8.47	8.55	8.69	8.51
1607841_at	4.07	3.48	3.66	4.39	3.64	4.11	3.6
1607842_at	3.77	4.21	3.85	3.66	3.79	4.58	4.62
1607843_at	5.84	6.33	6.51	6.36	6.77	6.85	6.89
1607844_at	2.92	2.97	2.89	2.88	2.96	2.94	2.98
1607845_at	3.72	3.02	3.2	2.99	3.04	3.18	3.04
1607846_at	11.65	12.09	11.85	11.68	10.92	10.25	10.42
1607847_at	7.07	7.37	7.49	7.62	7.88	8.19	8.42
1607848_at	7.96	6.95	6.6	6.54	6.33	6.08	6.1
1607849_at	6.89	6.82	6.66	6.95	7.01	7.81	8.17
1607850_at	6.66	6.79	6.65	6.69	6.96	7	6.73
1607851_at	6.66	5.59	6.37	5.98	5.11	4.98	4.79
1607852_at	5.49	4.11	3.94	3.87	3.67	3.82	3.68
1607853_at	7.38	7.73	7.45	7.55	7.96	8.26	7.76
1607854_at	10.68	10.67	10.73	10.65	10.38	10.06	10.11
1607855_at	3.14	2.89	2.94	3.01	3.08	3	2.97
1607856_at	2.85	3	2.93	2.86	2.84	3	2.79
1607857_at	7.7	7.75	7.79	7.55	7.6	7.74	7.81
1607858_at	7	5.93	5.65	6.49	6.4	7.09	6.12
1607859_at	8.87	9.59	9.28	8.62	9.73	9.25	9.01
1607860_at	6.84	7.49	7.23	7.16	7.29	7.5	7.53
1607861_s_at	11.95	12.58	12.41	12.22	12.11	12.23	12.41
1607862_at	3.47	3.41	3.33	3.39	3.71	3.39	3.28
1607863_at	3.24	3.44	3.38	3.48	3.6	3.69	3.83
1607864_at	7.73	7.74	7.97	7.86	7.86	7.58	7.71
1607865_at	9.62	9.86	10.05	10.09	9.93	9.85	10.09
1607866_at	5.12	5.33	5.2	5.29	5.31	5.62	5.78
1607867_at	8.04	8.13	8.08	8.43	8.45	8.46	8.41
1607868_at	4.08	4.43	4.18	4.06	4.25	4.64	4.52
1607869_x_at	5.42	5.3	5.25	5.24	5.32	5.04	5.13
1607870_at	2.87	2.7	2.77	2.75	2.69	2.79	2.77
1607871_at	2.78	2.91	3	2.9	2.98	3	2.94
1607872_at	11.32	11.08	11.11	10.94	10.76	10.5	10.46
1607873_at	4.19	4.18	3.99	4.11	4.28	4.39	4.17
1607874_at	12.05	11.42	11.64	11.94	10.82	10.1	10.2
1607875_at	6.62	6.76	6.68	6.62	6.86	6.82	7.05
1607876_at	3.15	3.12	3.05	3.08	3.03	3.26	3.11
1607877_x_at	8.13	8.63	8.77	9.66	8.55	8.78	8.27
1607878_at	9.19	9.27	8.99	8.74	8.87	8.65	8.65
1607879_at	3.68	3.73	3.8	3.66	3.85	3.99	3.73
1607880_at	8.22	6.52	6.56	6.77	5.11	5.89	6.03
1607881_at	3.25	3.33	3.2	3.14	3.14	3.29	3.22
1607882_at	3.71	3.91	3.89	3.88	4.08	4.1	3.97
1607883_at	8.3	7.57	7.93	8.76	7.43	8.66	8.85
1607884_at	7.26	7.29	7.59	7.5	7.37	7.64	7.83
1607885_at	2.81	2.77	2.82	2.87	2.78	2.89	2.77
1607886_at	8.39	8.15	7.85	8.35	8.4	8.65	8.02
1607887_at	11.68	11.6	11.7	11.79	11.55	11.62	11.66
1607888_a_at	7.15	7.29	7.25	7.05	6.82	6.29	6.74
1607889_a_at	10.59	9.32	9.67	10.42	10.65	10.48	10.34
1607890_at	2.89	2.86	2.74	2.9	3.07	2.97	3
1607891_at	4.83	5.9	6	5.86	6.19	6.86	7.07
1607892_at	5.28	4.48	4.4	4.47	4.19	4.29	4.27
1607893_at	3.16	3.32	3.32	3.19	3.39	3.23	3.38
1607894_at	3.01	3.06	3.05	3.04	3.21	3.15	3.05
1607895_at	8.95	9.07	8.92	8.96	9.26	10.02	10.07
1607896_at	6.92	6.98	7.04	6.81	7.36	7.55	7.48
1607897_at	5.69	4.94	4.86	4.99	5.08	5.2	4.94
1607898_at	8.24	7.68	7.59	7.44	6.87	6.36	6.5
1607899_at	7.73	9.23	9.81	9.52	10.34	9.8	9.67
1607900_at	2.67	2.72	2.68	2.78	2.75	2.73	2.81
1607901_at	2.67	2.72	2.72	2.8	2.72	2.93	2.71
1607902_at	4.69	4.32	4.75	4.73	4.97	4.72	4.66
1607903_at	6.15	5.1	5.01	5.62	5.63	5.07	4.75
1607904_at	6.9	6.81	6.09	6.74	6.97	7.04	6.21
1607905_at	3.18	3.43	3.33	3.23	3.22	3.48	3.36
1607906_at	7.99	7.94	8.11	8.28	8.17	8.6	8.49
1607907_at	7.56	7.32	7.39	7.33	7.29	7.43	7.43
1607908_at	6.56	6.64	6.69	6.81	6.94	6.68	6.91
1607909_at	8.42	8.47	8.64	9.02	8.96	8.76	8.64
1607910_at	2.76	2.94	2.91	2.89	2.89	2.98	3.01
1607911_at	7.63	7.58	7.66	7.61	7.5	7.28	7.31
1607912_at	7.46	6.54	6.69	6.59	6.43	6.7	6.64
1607913_at	5.73	6.47	6.29	6.13	6.14	6.04	6.17
1607914_at	6.35	6.66	6.67	6.59	6.78	7.12	7.29
1607915_at	8.91	8.73	8.94	8.68	8.58	8.27	8.5
1607916_at	7.94	7.58	7.18	6.92	6.19	5.75	5.83
1607917_at	8.16	8.12	8.12	8.08	8.14	8.43	8.62
1607918_at	3	3.14	3.09	2.84	3.02	3.02	3.05
1607919_x_at	5.7	6.58	7.45	7.57	7.51	7.23	7.1
1607920_at	4.59	4.33	4.44	4.48	4.59	4.78	4.5
1607921_at	6.08	5.36	5.11	5.14	4.71	5.21	5.39
1607922_at	7.05	8.24	8.25	8.31	8.48	8.07	7.8
1607923_at	7.82	7.79	7.7	7.74	7.72	7.86	7.89
1607924_at	7.9	8.2	8.12	8.05	8.04	8.41	8.46
1607925_at	5.62	5.96	5.86	5.98	6.28	5.85	6.02
1607926_at	7.56	6.57	6.67	6.75	6.35	6.31	6.22
1607927_at	2.83	2.84	2.92	2.69	2.87	2.98	2.77
1607928_at	9.27	9.08	9.28	9.02	9.51	9.36	9.18
1607929_at	3.17	3.21	3.38	3.31	3.7	3.88	4.12
1607930_at	2.47	2.46	2.57	2.57	2.64	2.44	2.4
1607931_s_at	9.08	11.2	11.2	10.57	11.63	11.46	11.61
1607932_at	7.96	8.4	8.4	8.28	8.69	8.86	8.61
1607933_at	3.31	3.38	3.31	3.32	3.44	3.45	3.44
1607934_at	7.82	7.36	7.42	7.71	7.21	7.76	7.94
1607935_at	3.16	3.16	3.31	3.06	3.23	3.18	3.11
1607936_at	3.58	4.03	3.97	3.7	3.97	3.91	4.03
1607937_at	5.23	5.26	5.34	5.26	4.92	4.63	4.97
1607938_at	6.55	6.57	6.68	6.53	6.09	5.97	6.25
1607939_at	4.82	4.43	4.35	4.33	4.29	4.53	4.63
1607940_at	8.21	8.8	8.74	8.78	8.81	9.33	9.44
1607941_at	8.76	8.67	8.78	8.65	8.77	8.88	9.05
1607942_at	6.74	3.52	3.72	3.24	3.25	3.33	3.28
1607943_at	11.49	10.67	9.73	10.14	9.01	6.85	6.68
1607944_at	3.52	3.63	3.56	3.55	3.95	3.97	4.11
1607945_at	5.21	4.47	4.32	4.31	4.23	4.38	4.07
1607946_at	9.32	9.55	9.11	9.53	8.78	8.13	8.29
1607947_at	2.84	3	2.95	2.84	2.92	2.94	2.94
1607948_at	3.51	3.69	3.73	3.51	3.88	3.92	3.64
1607949_at	4.24	4.1	4.55	4.08	4.18	3.77	4.16
1607950_at	2.92	3.15	2.95	2.93	3.19	3.09	3.31
1607951_at	7.08	7.68	7.45	7.19	7.36	7.26	7.26
1607952_at	9.41	8.53	8.03	8.07	7.32	7.39	7.8
1607953_at	9.31	9.3	9.46	9.2	9.23	8.76	9
1607954_at	7.82	7.13	7.1	7.44	6.93	6.69	6.84
1607955_at	8.96	9.7	9.55	9.39	8.68	8.06	8.05
1607956_at	4.94	4.95	4.98	4.8	4.95	5.08	5.34
1607957_a_at	9.29	9.76	9.41	9.73	8.77	7.93	7.79
1607958_at	8.22	8.47	8.59	8.44	8.28	8.32	8.5
1607959_at	3.94	3.86	4	4.07	3.92	4.45	4.62
1607960_at	9.05	6.18	5.76	5.28	5.28	4.51	4.26
1607961_at	10.51	10.64	10.32	9.77	9.66	8.83	8.55
1607962_at	9.04	8.61	8.61	8.46	8.56	8.32	8.38
1607963_at	9.27	9.77	9.78	9.55	9.57	9.39	9.34
1607964_s_at	8.61	8.5	8.43	8.35	8.24	8.45	8.49
1607965_at	5.82	6.02	5.95	6.02	6.25	6.04	6.39
1607966_at	8.28	8.65	8.57	8.38	8.5	8.57	8.54
1607967_at	11.08	11.2	11.75	12.26	12.58	12.19	12.25
1607968_at	5.69	5.56	5.18	5.53	5.62	6.05	5.37
1607969_at	3.31	3.34	3.32	3.16	3.53	3.67	3.56
1607970_at	3.21	3.14	3.27	3.22	3.28	3.21	3.24
1607971_at	7.55	9.42	9.72	9.25	9.87	9.18	8.99
1607972_s_at	8.73	7.14	7.2	7.46	8.26	8.33	7.87
1607973_at	11.03	10.96	10.74	10.59	10.23	10.39	10.38
1607974_at	10.66	10.64	10.95	10.73	10.89	10.63	10.77
1607975_s_at	10.97	10.84	11.06	10.92	11.09	10.58	10.83
1607976_at	3.77	4.04	4.18	3.74	4.27	4.12	4.21
1607977_at	7.21	6.66	6.82	6.74	6.18	6.58	6.83
1607978_at	3.89	4	4.41	4.12	4.2	3.95	4.2
1607979_at	8.36	7.76	7.78	8.42	7.37	8.46	8.71
1607980_at	3.92	4.29	4.03	4.53	4.69	4.6	4.23
1607981_at	2.84	2.83	2.87	2.8	3.03	2.98	3.02
1607982_at	5.61	5.49	5.55	5.22	4.95	4.85	4.97
1607983_at	3.08	3.15	3.03	3.04	3	3.21	2.99
1607984_at	3.48	3.69	3.57	3.48	3.57	3.67	3.53
1607985_at	6.25	6.02	6.02	6.25	6.17	6.62	6.47
1607986_at	7.99	7.57	7.3	7.71	7.3	7.94	7.89
1607987_at	2.71	2.73	2.74	2.74	2.67	2.73	2.8
1607988_at	4.38	3.92	3.73	3.74	3.87	3.95	3.71
1607989_at	6.85	6.97	6.99	6.86	6.85	6.93	7.01
1607990_at	5.29	5.19	5.43	5	4.84	4.35	4.81
1607991_at	2.89	2.92	2.93	2.97	2.95	2.92	2.95
1607992_at	9.35	9.16	8.97	9.23	9.12	9.9	10.04
1607993_at	2.8	2.87	2.9	2.85	2.97	3.11	3.07
1607994_at	3.09	3.04	3.14	3.31	3.31	3.39	3.49
1607995_at	9.5	9.32	9.47	9.4	9.52	9.8	9.67
1607996_at	9.1	8.67	8.75	8.84	8.52	8.73	8.76
1607997_at	2.96	2.72	2.92	2.84	2.89	2.65	2.75
1607998_at	10.23	10.08	10.15	10.15	10.08	10.08	10.16
1607999_s_at	12.02	12.12	12.24	12.35	12.55	12.47	12.55
1608000_at	7.68	7.45	7.61	7.43	7.43	7.47	7.49
1608001_at	6.31	7.27	6.94	7.1	7.26	7.08	6.91
1608002_s_at	9	9.42	9.47	9.48	9.46	9.18	9.28
1608003_s_at	5.94	7.21	7.16	6.54	6.45	6.36	6.46
1608004_s_at	9.44	8.65	8.68	8.41	8.09	7.86	8
1608005_at	3.2	3.27	3.19	3.41	3.31	3.7	3.57
1608006_at	8.39	9.76	9.55	9.17	9.05	8.64	8.48
1608007_x_at	4.24	4.57	4.68	4.44	4.85	5.04	5.32
1608008_at	3.58	3.54	3.44	3.58	3.55	3.61	3.52
1608009_s_at	6.55	5.91	5.68	6.39	6.68	7.85	7.93
1608010_at	7.28	7.35	7.35	7.37	7.21	7.14	7.28
1608011_at	5.96	5.88	5.36	6.07	6.37	6.85	5.52
1608012_at	5.63	5.52	4.92	5.73	6.27	6.18	4.94
1608013_at	5.75	5.62	5.91	6.15	6.16	6.94	6.89
1608014_at	5.46	5.25	5.08	4.86	4.69	4.84	4.78
1608015_at	7.94	3.64	3.45	3.47	3.47	3.9	3.43
1608016_at	6.45	5.22	5.15	5.39	4.57	4.48	4.87
1608017_at	3.76	3.86	3.61	3.6	3.75	4	3.83
1608018_at	5.65	6.85	6.7	6.37	7.13	7.41	7.49
1608019_s_at	8.52	9.53	9.02	8.52	8.33	8.08	7.39
1608020_at	4.12	4.21	4.27	4.27	4.26	4.72	4.55
1608021_at	9.69	9.51	9.33	9.55	9.34	9.6	9.55
1608022_at	6.29	7.04	7.99	8.13	9.02	7.78	7.42
1608023_at	9.59	9.73	9.98	10.15	10.59	10.85	10.82
1608024_at	6.56	6.53	6.55	6.51	6.3	6.27	6.28
1608025_at	6.82	6.64	6.58	6.82	7.12	7.51	7.15
1608026_at	7.88	7.56	7	5.9	8.48	11.45	11.71
1608027_at	4.01	3.81	3.98	3.92	4.41	3.72	3.91
1608028_at	3.46	3.53	3.23	3.38	3.32	3.63	3.34
1608029_at	4	6.13	7.54	6.01	4.44	3.72	3.63
1608030_at	4.88	5.09	4.83	4.98	4.87	4.29	4.22
1608031_at	9.88	10.36	10.28	10.49	10.32	10	10.12
1608032_at	6.75	5.9	6.56	6.67	6.57	7	7.26
1608033_at	6.23	6	6.1	6.42	6.06	6.54	6.95
1608034_at	3.6	3.93	3.55	3.73	3.62	3.67	3.79
1608035_at	6.34	6.36	6.11	6.22	6.35	6.25	5.64
1608036_a_at	7.42	6.97	7.59	7.41	6.37	7.3	7.62
1608037_at	4.52	3.92	3.91	4	3.8	3.84	3.87
1608038_at	8.76	7.7	6.19	4.87	4.22	4.14	3.84
1608039_s_at	3.27	3.15	3.23	3.22	3	3.25	3.27
1608040_at	9.55	9.64	9.81	9.73	9.91	9.64	9.95
1608041_at	10.42	10.4	10.31	10.47	10.45	10.79	10.76
1608042_at	8.76	8.86	8.84	8.87	8.77	8.71	8.76
1608043_at	9.81	10.29	10.42	10.36	10.7	10.69	10.65
1608044_at	3.7	3.5	3.29	3.27	3.3	3.37	3.32
1608045_at	2.85	2.9	2.75	2.77	2.99	2.86	2.91
1608046_at	6.12	6.47	6.37	6.49	6.42	6.48	6.47
1608047_at	9.53	9.76	9.82	9.8	9.23	8.28	8.6
1608048_at	6.94	6.72	6.53	6.4	6.93	6.35	6.52
1608049_at	4.04	4.35	4.4	4.08	4.68	4.76	4.64
1608050_at	6.35	6.93	6.62	6.5	6.59	6.93	6.67
1608051_at	3.56	3.34	3.54	3.54	3.8	3.64	3.47
1608052_s_at	9.75	10.46	10.06	10.43	10.57	10.11	10.15
1608053_at	3.92	4.1	4.11	3.75	4.16	3.96	4.06
1608054_at	5.01	6.06	5.88	5.53	5.75	5.62	5.71
1608055_at	3.03	3.07	3.21	3.12	3.31	3.17	3.17
1608056_at	7.93	4.96	4.97	4.78	4.38	4.56	4.36
1608057_at	3.76	3.51	3.81	3.34	3.42	3.38	3.3
1608058_at	5.4	5.79	5.66	6.06	6.2	6.65	6.64
1608059_at	5.56	5.42	5.74	5.89	6.01	5.75	5.9
1608060_at	7.33	7.62	8.07	7.9	8.15	8.2	8.49
1608061_at	3.22	3.39	3.33	3.42	3.38	3.33	3.43
1608062_at	6.61	6.84	6.98	6.85	7	6.83	6.91
1608063_at	6.72	5.2	4.82	4.82	4.22	4.42	4.2
1608064_at	10.18	10.06	10.15	9.93	10.02	9.73	9.65
1608065_s_at	3.02	3.05	3.06	3.18	2.97	3.34	3.08
1608066_at	8.5	9.3	9.64	9.74	10.06	10.46	10.7
1608067_at	6.82	7	7.09	7.37	7.44	7	7.09
1608068_at	7.56	7.66	7.71	7.67	7.97	7.57	7.4
1608069_at	9.92	9	9.09	8.97	7.93	6.73	7.21
1608070_at	8.89	8.34	8.31	8.6	8.11	8.6	8.89
1608071_at	4.36	4.23	4.33	4.37	4.38	4.39	4.38
1608072_at	5.69	6.05	5.79	5.77	5.5	5.31	5.07
1608073_s_at	11.02	11.37	11.42	11.51	11.28	11.43	11.45
1608074_s_at	9.51	7.68	9.28	10.5	9.67	9.13	8.53
1608075_at	6.58	6.65	6.89	6.56	6.06	5.7	6.02
1608076_at	2.95	2.95	2.77	3.26	2.97	2.98	2.83
1608077_at	8.09	8.05	7.94	8.18	8.1	8.35	8.24
1608078_s_at	8.15	13.25	13.23	13.1	11.63	5.48	4.71
1608079_at	4.92	5.71	5.67	5.92	5.77	6.64	6.59
1608080_at	8.81	9.67	9.71	9.32	9.26	8.97	8.97
1608081_at	3.31	3.81	3.37	3.21	3.47	3.87	3.33
1608082_s_at	8.16	8.03	7.9	7.86	7.8	8.28	8.47
1608083_at	2.93	2.98	3.02	3.01	2.97	3.03	3.03
1608084_x_at	4.7	4.86	4.96	4.85	4.81	4.65	4.89
1608085_at	3.54	3.56	3.55	3.6	3.55	3.79	3.64
1608086_at	5.54	5.63	5.48	5.56	6.04	5.6	5.75
1608087_s_at	12.72	12.39	12.33	12.58	12.47	12.4	12.22
1608088_at	3.13	3.09	3.22	3.39	3.47	3.35	3.47
1608089_at	9.24	9.2	9.14	9.02	8.82	8.67	8.81
1608090_at	3.56	3.5	3.48	3.29	3.45	3.5	3.51
1608091_at	3.78	3.43	3.59	3.67	3.38	3.5	3.8
1608092_at	3.9	3.51	3.61	3.48	3.68	3.79	3.98
1608093_at	10.89	11.03	11.33	11.04	11.16	11.2	11.23
1608094_at	8.89	9.46	9.22	8.71	8.23	8.93	9.3
1608095_at	10.41	10.35	10.42	10.52	10.67	10.51	10.6
1608096_at	11.97	12.02	12.06	11.82	11.73	11.29	11.29
1608097_at	3.7	3.86	3.84	3.64	3.67	3.9	3.77
1608098_at	7.44	7.62	7.11	7.03	6.99	6.98	7.21
1608099_at	8.78	9.02	7.98	7.3	5.7	6.16	6.42
1608100_at	11.17	10.42	10.05	10.02	9.55	9.58	9.81
1608101_at	8.01	8.95	8.68	8.51	8.75	8.5	8.62
1608102_s_at	11.5	11.58	11.6	11.51	11.69	11.82	11.87
1608103_at	8.97	8.87	8.97	9.11	8.99	9.02	9.06
1608104_at	9.19	9.39	9.4	9.6	9.37	9.19	9.15
1608105_at	7.34	8.45	8.26	7.95	8.7	8.03	8.2
1608106_at	7.98	8.14	8.07	7.85	7.5	7.19	7.31
1608107_at	8.35	8.25	8.24	8.08	8.11	7.83	8.05
1608108_at	8.33	8.64	8.25	8.56	8.8	9.16	9.33
1608109_at	3	2.86	2.98	2.8	2.99	3.01	2.86
1608110_at	4.28	4.49	4.21	4.19	4.18	4.44	4.26
1608111_at	7.39	7.15	7.06	7.13	6.42	6.78	6.85
1608112_at	5.12	5.05	5.31	5.22	5.18	4.99	5.04
1608113_at	10.82	10.89	10.97	10.78	10.64	10.51	10.56
1608114_at	10.18	9.73	9.69	9.8	9.52	9.93	10.1
1608115_at	3.15	3.03	2.97	2.98	3.03	3.04	2.88
1608116_at	4.24	3.68	3.88	3.6	3.42	3.67	3.93
1608117_at	5.21	5.32	5.53	5.27	5.48	5.29	5.39
1608118_at	7.37	7.17	6.68	6.36	5.53	5.89	5.96
1608119_at	10.2	11.35	11.69	11.77	11.96	11.83	11.46
1608120_at	7.47	5.77	5.29	5.98	5.16	5.14	4.75
1608121_at	9.42	9.73	9.64	9.83	9.86	10.19	10.24
1608122_at	5.93	7.65	9.12	9.77	11.47	11.35	11.75
1608123_at	5.82	7.58	6.44	5.89	6.53	5.4	5.32
1608124_at	10.94	10.3	10	10.03	9.59	9.31	9.17
1608125_at	9.01	9.6	9.66	9.69	9.67	9.46	9.49
1608126_at	8.16	8.42	8.35	8.32	8.12	8.49	8.69
1608127_s_at	9.74	9.32	9.12	9.13	8.8	8.76	8.4
1608128_at	10.95	10.81	10.97	10.86	10.9	10.59	10.75
1608129_at	11.47	11.22	11.58	11.12	10.89	10.29	10.6
1608130_at	8.69	9.06	9.4	9.52	9.86	9.73	9.76
1608131_at	3.16	3.29	3.3	3.24	3.41	3.53	3.45
1608132_at	8.49	8.72	8.54	8.21	7.78	7.23	7.32
1608133_at	7.9	6.82	6.87	7.05	6.98	7.58	7.67
1608134_at	8.96	9.07	9.16	8.59	8.99	8.6	8.91
1608135_at	5.58	5.83	5.9	5.53	6	6.33	5.92
1608136_s_at	7.61	7.51	7.45	8.13	7.79	8.06	8.19
1608137_at	2.98	3.12	2.96	2.94	3.08	3.16	3.02
1608138_s_at	12.19	11.87	12.1	12.01	11.96	11.9	11.75
1608139_at	3.02	2.99	3.06	3.07	3.24	3.23	3.3
1608140_at	8.73	7.54	7.34	6.93	6.38	6.6	7.02
1608141_at	6.04	5.34	5.65	5.79	5.44	5.8	6.26
1608142_at	6.8	6.86	7.08	7.19	7.27	7.17	7.44
1608143_at	3.4	3.6	3.48	3.5	3.83	3.57	3.83
1608144_at	7.06	6.64	6.62	6.11	6.37	5.55	5.53
1608145_at	7.63	7.67	7.98	8.46	8.55	8.76	8.84
1608146_at	9.91	9.65	9.8	9.91	9.94	9.75	9.75
1608147_s_at	9.55	9.29	9.48	9.41	9.56	9.68	9.71
1608148_at	2.55	2.54	2.54	2.54	2.66	2.49	2.5
1608149_at	2.89	2.97	2.93	2.82	3.13	3.15	2.98
1608150_at	8.45	8.79	8.8	8.76	8.85	9.03	9.05
1608151_at	3.33	3.35	3.36	3.27	3.15	3.18	3.27
1608152_at	9.39	8.82	8.84	9.2	8.6	7.91	8.07
1608153_at	3.17	3.26	3.18	3.08	3.12	3.35	3.1
1608154_at	3.81	3.64	3.46	3.35	3.65	3.76	3.53
1608155_at	9.11	8.47	8.62	8.72	8.49	8.66	8.76
1608156_at	5.58	5.3	5.5	5.68	5.89	6.3	6.6
1608157_at	3.57	3.35	3.41	3.19	3.35	3.34	3.57
1608158_at	9.26	9.01	9.26	9.02	8.93	8.34	8.68
1608159_at	4.25	4.07	3.97	3.98	3.8	4	3.72
1608160_at	2.83	2.87	2.86	2.87	2.78	3.03	2.8
1608161_at	5.37	5.19	5.48	5.53	5.64	4.83	5.22
1608162_at	11.22	11.65	11.45	11.34	11.05	10.85	10.86
1608163_at	7.34	7.54	7.16	7.34	7.32	7.4	7.51
1608164_at	3.72	6	6.03	4.25	8.69	7.65	6.3
1608165_at	3.02	2.81	2.94	2.93	2.88	2.8	2.86
1608166_at	5.16	5.15	5.4	5.6	5.56	5.94	6.18
1608167_s_at	10.4	10.35	10.65	10.5	10.44	9.9	10.34
1608168_at	2.78	2.82	2.79	2.8	2.84	2.79	2.74
1608169_at	7.67	7.46	7.79	7.83	8.33	8.64	8.74
1608170_at	7.9	7.64	7.54	7.83	8.16	8.2	7.79
1608171_at	7.54	8.18	8.18	7.67	7.85	7.32	7.41
1608172_at	6.24	7.79	7.47	6.91	7.64	7.72	7.47
1608173_at	2.94	2.94	2.79	2.88	2.9	3.03	2.87
1608174_at	2.64	2.8	2.84	2.8	2.81	2.99	2.85
1608175_at	8.04	5.02	4.26	4.08	3.52	3.57	3.58
1608176_at	3.66	3.72	3.85	3.76	3.83	3.94	3.81
1608177_at	3.39	3.21	3.2	3.14	3.41	3.35	3.28
1608178_s_at	7.69	7.71	7.82	7.83	8.3	8.29	8.38
1608179_at	6.7	6.41	6.35	6.5	7.03	6.97	6.53
1608180_at	8.59	7.16	7.6	6.87	6.64	6.33	6.22
1608181_at	2.95	3.14	2.9	2.96	3.12	3.17	3
1608182_at	8.29	8.99	8.65	8.19	8.2	7.79	7.9
1608183_at	3.41	3.56	3.38	3.54	3.57	3.95	3.73
1608184_at	3.8	4.08	3.87	3.51	3.87	4.34	3.79
1608185_at	10.44	10.84	10.56	10.36	10.21	10.19	10.29
1608186_at	11.32	11.7	11.7	11.83	11.72	11.52	11.38
1608187_at	5.58	4.77	4.54	5.71	5.93	6.83	5.27
1608188_at	4.25	3.74	3.84	3.76	3.8	4.33	4.26
1608189_s_at	8.79	9.46	9.67	10.08	10.55	11.12	11.06
1608190_at	3.05	3.04	3.08	2.92	3.1	3.07	3.02
1608191_at	7.51	6.2	6.75	8.12	5.43	4.88	4.42
1608192_at	10.53	10.97	10.81	10.95	10.69	11.5	11.59
1608193_s_at	8.46	8.74	8.75	8.37	8.44	7.93	7.98
1608194_at	8	8.25	8.31	8.27	8.12	7.83	7.92
1608195_at	3.45	3.59	3.43	3.41	3.58	3.76	3.64
1608196_at	6.32	6.27	6.34	6.62	6.77	6.83	7.01
1608197_at	4.11	3.87	4.02	3.97	3.93	4.35	4.11
1608198_at	8.05	7.72	7.69	7.66	7.31	7.25	7.28
1608199_at	6.19	6.25	6.9	7.4	7.7	7.63	7.61
1608200_at	3.05	3.2	3.25	3.25	3.36	3.19	3.19
1608201_at	6.95	7.06	7.08	6.8	7.25	7.17	7.42
1608202_at	3.46	3.62	3.56	3.48	3.67	3.84	3.73
1608203_at	5.99	4.89	4.93	5.35	5.18	4.88	5.14
1608204_at	9.06	6.94	5.82	5.5	4.32	3.83	4.08
1608205_at	9.47	9.37	9.18	9.07	8.7	8.73	8.75
1608206_at	3.41	3.56	3.6	3.58	3.96	4.41	4.5
1608207_at	11.27	10.9	10.55	10.16	9.83	9.88	9.95
1608208_at	6.38	6.66	6.72	6.94	6.55	7.39	7.69
1608209_at	3.25	3.69	3.38	3.38	3.59	3.98	3.58
1608210_at	11.4	11.34	11.49	11.53	11.44	11.19	11.14
1608211_at	6.73	5.55	5.41	5.64	5.04	4.93	5.19
1608212_at	7.28	8.18	8.49	8.45	8.26	7.01	7
1608213_at	9.45	8.8	8.58	8.57	8.18	7.8	8.09
1608214_at	6.47	7.18	7.19	6.49	6.79	6.22	6.26
1608215_s_at	8.68	9.07	9.49	9.79	9.73	9.55	9.7
1608216_at	2.7	2.9	2.78	2.86	3.05	3.13	3.06
1608217_at	5.69	5.69	5.76	5.82	5.57	5.82	5.91
1608218_at	6.72	5.86	5.66	6.07	5.7	5.93	6.02
1608219_at	7.52	7.47	7.52	7.81	7.44	7.54	7.53
1608220_at	8.66	8.6	8.73	8.79	9.19	9.25	9.1
1608221_at	4.74	5.15	4.95	5.55	5.27	6.51	6.17
1608222_at	3.05	2.94	3.07	2.96	3.08	3.25	3.18
1608223_at	7.68	7.85	7.98	7.99	8.24	8.34	8.42
1608224_at	8.94	8.88	9.29	9.53	9.28	9.16	9.26
1608225_s_at	7.47	8.25	7.86	7.88	8.56	9.01	9.41
1608226_at	7.69	7.7	7.82	8.03	8.36	8.31	8.24
1608227_at	6.83	6.68	6.74	7.11	7.08	7.61	7.05
1608228_at	5.06	5.33	5.41	5.63	5.33	5.12	5.02
1608229_s_at	6.66	6.38	7.03	6.78	7.42	6.75	6.69
1608230_at	4.19	4.66	4.47	4.83	4.83	4.51	4.99
1608231_at	3.47	3.46	3.4	3.45	3.57	3.85	3.66
1608232_at	6.48	6.34	6.16	6.24	5.97	6.12	6.57
1608233_at	3.99	4.19	4.27	4.21	4.46	4.24	4.34
1608234_at	4.77	5.11	4.96	4.76	5.04	5.55	5.36
1608235_at	9.26	6.42	6.59	6.69	6.44	5.91	6.08
1608236_at	5.98	5.97	6	5.64	5.69	5.33	5.14
1608237_at	2.88	2.99	2.89	2.8	2.86	2.98	2.99
1608238_at	6.4	5.69	5.67	5.77	5.17	5.48	5.65
1608239_at	8.35	8.31	8.47	8.31	8.41	8.35	8.25
1608240_at	5.89	6.68	6.45	6.4	8.13	7.86	7.99
1608241_at	8.08	8.01	8.15	8.07	8.27	8.45	8.49
1608242_at	3.73	3.69	3.69	3.45	3.76	3.8	3.69
1608243_at	5.67	5.43	5.37	5.63	5.37	5.19	5.24
1608244_at	3.41	3.62	3.57	3.63	3.97	4.12	3.74
1608245_at	3.01	3.14	3.25	3.07	3.17	3.35	3.23
1608246_at	7.11	6.55	6.39	7.15	7.2	7.72	7.27
1608247_at	3.62	3.57	3.63	3.31	3.38	3.5	3.47
1608248_at	3.23	3.29	3.12	3.04	3.54	3.38	3.29
1608249_at	6.41	6.32	6.21	6.06	5.41	5.32	5.47
1608250_at	2.97	3.23	3.07	3.06	2.99	2.97	3.16
1608251_at	9.51	9.84	10.06	10.06	10.43	10.17	10.11
1608252_s_at	10.59	10.07	10.31	10.64	10.56	10.63	10.79
1608253_at	7.97	9.03	9.48	9.72	10.08	10.11	10.33
1608254_a_at	8.27	7.65	7.62	7.45	7.35	6.96	6.97
1608255_at	2.99	2.9	2.89	2.89	2.87	2.79	2.82
1608256_at	9.15	9.67	9.42	9.35	9.4	9.35	9.33
1608257_at	8.13	8.04	8.17	8.66	9.06	9.38	8.92
1608258_at	3.18	3.13	3.11	3.25	3.28	3.19	3.32
1608259_at	4.52	5.05	4.98	5.61	5.42	5.33	5.72
1608260_at	4.5	5.63	5.58	5.71	6.68	6.89	6.99
1608261_at	7.49	6.26	6.74	7.56	7.94	6.98	6.67
1608262_at	4.3	4.11	3.87	3.77	3.96	3.83	3.81
1608263_a_at	10.57	11.02	11.34	11.89	12.4	12.17	12.28
1608264_at	8.48	7.38	6.97	6.92	6.33	6.25	6.44
1608265_at	7.18	6.84	6.79	7.23	7.26	7.52	7.65
1608266_at	10.91	10.82	10.93	10.71	10.59	10.35	10.47
1608267_at	3.33	3.5	3.32	3.23	3.4	3.72	3.41
1608268_at	8.89	7.05	5.83	5.31	4.51	4.91	4.94
1608269_at	4.91	4.39	4.31	4.46	4.1	3.92	4.17
1608270_at	7.65	8.47	8.29	7.9	8.42	8.01	7.98
1608271_at	2.54	2.5	2.55	2.46	2.6	2.47	2.5
1608272_at	8.83	8.87	8.95	8.76	8.86	8.83	9.05
1608273_at	5.55	5.49	5.96	6.32	6.45	6.48	6.59
1608274_at	3.67	3.6	3.65	3.39	3.75	3.8	3.73
1608275_at	8.07	7.17	7.03	8.07	7.65	7.8	6.81
1608276_at	5.37	5.56	5.47	5.3	5.63	5.78	5.67
1608277_at	7.8	7.33	7.1	7.45	7.27	7.4	6.98
1608278_at	3.36	3.59	3.47	3.47	3.49	3.95	3.61
1608279_at	3.26	3.25	3.07	3.11	3.17	3.37	3.17
1608280_at	3.4	3.5	3.45	3.38	3.67	3.65	3.52
1608281_at	6.98	7.47	7.45	7.16	7.64	7.73	7.91
1608282_at	3.59	3.77	3.76	3.45	3.84	4.25	3.96
1608283_at	8.58	8.9	8.64	8.74	8.58	8.96	9.08
1608284_at	6.6	6.55	6.61	6.98	6.59	6.45	6.52
1608285_at	2.47	2.59	2.59	2.62	2.83	2.91	2.75
1608286_at	7.41	7.81	7.44	7.19	6.98	6.16	6.31
1608287_at	3.53	4.43	5.18	5.13	6.07	4.69	5.2
1608288_at	8.55	8.8	8.67	8.75	8.75	9.04	9.15
1608289_at	4.78	5.02	5.21	5.47	5.94	6.58	6.31
1608290_at	3.06	3.11	3.1	3.35	3.34	3.32	3.43
1608291_at	3.51	3.53	3.57	3.56	3.62	3.66	3.46
1608292_at	7.78	8.19	8.5	8.41	8.61	8.33	8.31
1608293_at	6.72	6.8	7.02	6.99	7.95	7.92	7.69
1608294_at	7.21	8.03	8.33	8.51	8.26	7.96	8.24
1608295_at	7.06	6.9	6.92	7.3	7.31	7.73	7.87
1608296_at	9.81	10.79	10.86	10.59	9.96	9.4	9.41
1608297_at	6.62	6.66	6.83	6.95	7.43	7.48	7.48
1608298_at	5.63	5.48	5.31	5.36	5.12	5.46	5.74
1608299_at	9.48	9.69	9.32	9.1	9.08	8.96	8.74
1608300_at	2.94	2.98	2.89	2.96	2.98	2.94	2.79
1608301_at	4.95	5.41	5.45	5.94	5.92	6.91	6.77
1608302_at	7.12	7.04	7.12	7.41	7.29	7.62	7.88
1608303_at	2.62	2.56	2.63	2.64	2.7	2.56	2.66
1608304_at	3.23	3.23	3.15	3.13	3.24	3.24	3.05
1608305_at	9.7	9.08	8.68	8.29	7.32	5.89	6.06
1608306_at	5.61	5.48	4.9	4.8	4.37	3.97	3.93
1608307_at	6.46	6	6.1	6.03	5.76	5.79	5.92
1608308_at	9.61	9.42	9.39	9.83	9.27	9.21	9.44
1608309_at	4.3	4.28	4.21	4.27	4.28	4.48	4.24
1608310_at	7.2	7.46	7.14	7.12	7.35	7.66	7.84
1608311_at	9.51	10.12	10.16	8.83	9.17	7.43	6.81
1608312_at	5.66	5.02	4.92	4.9	4.36	4.57	4.78
1608313_at	7.02	3.68	3.71	3.49	3.25	3.46	3.29
1608314_at	2.69	2.59	2.63	2.64	2.69	2.64	2.67
1608315_at	8.03	10	9.93	9.69	10.41	10.33	10.43
1608316_at	5.69	6.51	6.47	6.17	6.19	6	6.26
1608317_at	7.51	6.53	6.08	6.88	6.67	6.79	6.18
1608318_at	3.39	3.27	3.14	3.41	3.01	2.92	3.02
1608319_at	7.9	5.88	5.02	4.65	4.11	4.07	4.14
1608320_at	7.34	7.54	7.6	7.71	7.6	7.48	7.38
1608321_at	6.93	7.28	7.32	7.41	7.64	7.81	7.78
1608322_x_at	2.57	2.53	2.67	2.7	2.66	2.45	2.63
1608323_at	3.29	3.1	3.02	3.22	3.15	3.5	3.09
1608324_at	4.28	4.53	4.52	4.12	4.18	4.03	3.97
1608325_at	3.12	3.38	3.3	3.16	3.22	3.43	3.12
1608326_at	3.62	3.65	3.52	3.4	3.74	3.72	3.59
1608327_at	3.51	3.47	3.63	3.31	3.57	3.48	3.34
1608328_s_at	7.12	6.75	6.55	6.5	5.68	5.91	5.95
1608329_at	3.8	3.91	3.77	3.88	3.91	4.31	4.16
1608330_at	7.69	8.49	8.26	7.78	8.29	7.54	7.53
1608331_at	4.96	7.68	7.07	5.09	7.44	7.12	6.42
1608332_at	3.16	3.14	3.23	3.23	3.42	3.31	3.24
1608333_at	8.1	8.25	8.17	7.77	8.17	7.77	7.78
1608334_at	3.49	3.59	3.49	3.6	3.48	3.82	3.56
1608335_at	5.87	4.44	4.2	3.8	3.9	3.83	3.64
1608336_at	3.98	4	4.17	4.57	5.86	6.52	6.59
1608337_at	11.39	11.48	10.94	11.24	10.15	10.85	10.62
1608338_at	7.38	7.27	7.46	7.24	7.4	7.24	7.43
1608339_at	3.8	4.07	3.84	3.77	4.19	4.2	4.04
1608340_at	2.72	2.81	2.82	2.71	2.74	2.88	2.91
1608341_at	7.39	7.63	7.5	7.37	7.69	7.44	7.58
1608342_at	2.44	2.47	2.63	2.4	2.46	2.41	2.44
1608343_at	7.13	6.9	7.05	7.04	7.22	7.1	7.1
1608344_at	3.1	3.19	3.09	3.19	3.05	3.17	3.2
1608345_at	9.38	9.64	9.55	9.67	9.55	10.23	10.34
1608346_at	7.44	7.46	7.33	7.51	7.47	7.59	7.85
1608347_at	10.68	11.03	11.08	11.12	11.27	11.01	10.97
1608348_a_at	8.27	9.34	8.96	8.61	10.12	9.11	8.73
1608349_at	2.95	2.75	2.74	2.83	2.78	2.93	2.75
1608350_at	4.53	4.57	4.91	5.11	5.69	7.48	7.59
1608351_at	6.79	6.92	7.29	6.82	7.57	6.71	7.01
1608352_at	8.31	8.84	8.75	8.59	8.48	8.6	8.65
1608353_at	3.07	3.26	3.11	3.14	3.18	3.26	3.06
1608354_at	3.63	3.43	3.21	3.54	3.4	3.75	3.49
1608355_a_at	6.51	6.43	6.79	6.81	6.88	6.71	6.86
1608356_at	7.79	7.98	7.99	7.9	8.21	8.23	8.05
1608357_a_at	9.9	9.78	9.85	9.84	10.16	10.05	10.12
1608358_at	7.13	7.03	7.19	6.98	7.33	7.09	7.14
1608359_at	10.85	10.91	11.12	11.21	11.17	10.55	10.69
1608360_at	7.74	7.96	7.38	7.88	7.77	8.3	8.1
1608361_at	6.95	8.72	8.79	8.5	9.24	9.63	9.55
1608362_at	8.6	8	7.96	8.04	8.1	8.21	8.06
1608363_at	8.21	8.3	8.34	8.36	8.44	8.44	8.45
1608364_at	3.13	2.99	3.09	3.07	3.02	3.22	3.16
1608365_at	6.94	7.98	7.63	7.3	7.37	8.03	7.76
1608366_at	7.24	7.37	8.07	8.76	9.44	9.16	8.92
1608367_at	3.19	3.1	3.15	3.05	3.06	3.17	3.08
1608368_at	4.74	4.77	5.14	4.71	5.48	4.98	5.28
1608369_s_at	11.23	11.04	11.4	11.18	11.14	10.33	10.61
1608370_at	3.22	3.18	3.25	3.05	3.42	3.31	3.36
1608371_at	2.81	2.94	2.89	2.84	2.91	2.8	2.82
1608372_at	7.43	7.98	8.04	7.66	8.15	8.41	8.49
1608373_at	7.46	7.46	7.67	7.82	7.38	8.55	8.64
1608374_at	6.23	6.55	6.66	6.7	6.67	6.96	6.95
1608375_x_at	5.69	5.92	6.17	6.05	6.14	5.87	6.1
1608376_at	9.1	8.94	8.72	8.2	8.15	7.64	7.69
1608377_at	2.6	2.61	2.51	2.53	2.63	2.62	2.48
1608378_at	3.65	3.95	3.6	3.85	4.14	4.54	4.29
1608379_at	5.11	5.35	5.1	5.53	6.12	4.75	4.92
1608380_at	7.13	6.03	6.21	6.37	4.91	5.98	6.52
1608381_at	8.79	7.89	8.29	8.86	8.43	9.25	9.1
1608382_at	3.59	3.63	3.54	3.65	3.83	4.27	4.22
1608383_at	7.66	6.15	6.4	6.92	6.11	5.51	5.68
1608384_at	11.73	10.73	11.05	11.26	11.17	10.89	10.93
1608385_at	3.11	3.18	3.17	3.16	3.01	3.16	3.26
1608386_at	2.92	3.28	3.04	2.94	3.12	3.1	3.03
1608387_at	4.08	4.47	4.46	4.31	4.03	4.6	4.29
1608388_at	4.71	4.59	4.74	5.28	5.35	5.92	6.11
1608389_at	5.72	5.04	4.61	4.08	3.76	3.76	3.64
1608390_s_at	8.78	8.91	9.01	9.03	8.97	8.93	9.12
1608391_at	5.65	5.68	5.47	5.55	5.43	5.79	5.63
1608392_at	7.69	6.06	5.58	5.91	4.52	4.87	4.02
1608393_at	8.24	7.51	7.25	7.23	5.06	7.12	7.29
1608394_at	3.52	3.5	3.52	3.46	3.72	3.61	3.58
1608395_at	3.16	2.97	3.12	3.05	2.99	3.16	3.06
1608396_at	8.73	8.35	8.74	8.74	8.87	8.63	8.81
1608397_at	6.37	5.68	5.52	5.68	5.02	5.26	5.3
1608398_at	4.35	4.57	4.5	4.45	4.48	5.75	6.05
1608399_at	7.66	7.46	7.61	8.22	8.13	9.01	9.01
1608400_at	10.02	9.85	9.75	9.67	9.33	9.09	9.2
1608401_at	3.39	3.29	3.33	3.4	3.51	3.57	3.5
1608402_x_at	2.57	2.62	2.71	2.68	2.79	2.71	2.59
1608403_at	2.74	2.78	2.79	2.76	2.84	2.8	2.69
1608404_at	3.12	3.1	3.18	3.08	3.41	3.19	3.22
1608405_at	7.22	7.25	7.2	7.24	6.88	7.1	7.08
1608406_at	8.48	8.8	8.84	8.92	8.94	8.98	9
1608407_at	6.11	6.25	6.65	6.2	6.85	5.99	6.5
1608408_at	9.09	8.07	8.07	8.56	8.47	8.48	8.95
1608409_at	2.8	2.83	2.89	2.81	2.83	2.69	2.68
1608410_at	6.93	10.95	11.24	10.96	12.09	12.32	12.38
1608411_at	5.86	5.82	6.12	5.84	5.97	4.83	5.54
1608412_at	11.74	12.27	12.57	12.56	13.1	13.03	13.14
1608413_at	2.7	2.68	2.76	2.64	2.75	2.61	2.58
1608414_x_at	8.52	8.35	8.54	8.57	8.22	7.85	8.03
1608415_at	7.09	6.55	6.66	7.51	7.76	8.1	7.14
1608416_at	2.76	2.9	2.87	2.8	2.94	2.89	2.91
1608417_at	3.22	3.51	3.31	3.3	3.4	3.77	3.48
1608418_at	3.2	3.25	3.12	3.18	3.11	3.44	3.31
1608419_at	3.19	3.01	2.92	3.02	3.03	3.08	3.17
1608420_at	9.86	9.85	10.08	10.35	10.59	10.76	10.68
1608421_at	9.02	8.83	8.95	8.87	9.03	8.87	9.03
1608422_at	5.43	6.67	6.49	6.08	6.65	6.19	6.23
1608423_at	9.6	9.64	9.69	9.73	9.77	9.88	9.96
